Peace_Treaty_Accords,Technological_Advancements,Ammonia_Concentration,Precious_Metal_Trade_Tons,Food_Production_Tons,Trade_Agreements_Signed,Last_Contact_Days,Discovery_Date,Mineral_Extraction_Tons,Galactic_Visits,Sulfur_Concentration,Exploration_Missions,Biological_Research_Units,Offspring_Colonies,Cultural_Exchange_Programs,Military_Engagements,Inhabitants_Disputes,Resource_Mining_Operations,Resource_Allocation_Credits,Young_Colonies,HeavyMetals_Concentration,Terraforming_Initiatives,Planet_ID,Liquid_Energy_Consumption_Terawatts,Alien_Population_Count,CO2_Concentration,Dominant_Species_Social_Structure,Hydrogen_Concentration,Colonization_Year,Species_Expansion_Response,Galactic_Trade_Revenue,Alien_Civilization_Level,Interstellar_Contact_Cost,Interplanetary_Communications
0.0,0.0,1.0,40.0,107.0,1.0,13.0,26-02-2030,391.0,3.0,0.0,4.0,175.0,0.0,0.0,0.0,0.0,,67.0,0.0,4.0,0.0,6406.0,647.0,78285.0,10.0,Married,98.55,3118.0,,11.0,Master,3.0,6.0
0.0,0.0,2.0,108.0,49.0,1.0,,29-11-2028,,2.0,3.0,6.0,43.0,0.0,,,0.0,11.0,8.0,1.0,3.0,0.0,6461.0,581.0,62772.0,10.0,Single,66.36,3099.0,0.0,11.0,Master,3.0,5.0
,0.0,1.0,161.0,53.0,,61.0,22-03-2029,363.0,5.0,,9.0,123.0,0.0,,0.0,0.0,13.0,107.0,1.0,2.0,0.0,,726.0,69016.0,5.0,Married,25.23,3100.0,0.0,11.0,Graduation,3.0,8.0
0.0,0.0,1.0,107.0,,3.0,,15-01-2030,53.0,7.0,2.0,3.0,4.0,0.0,0.0,1.0,,4.0,3.0,1.0,3.0,0.0,6720.0,314.0,43795.0,,Together,44.59,3098.0,1.0,11.0,Master,3.0,7.0
0.0,0.0,0.0,29.0,59.0,7.0,24.0,06-08-2029,177.0,3.0,2.0,6.0,77.0,0.0,0.0,0.0,1.0,8.0,5.0,1.0,3.0,0.0,9483.0,290.0,57957.0,8.0,Together,90.67,3089.0,0.0,11.0,Graduation,3.0,4.0
0.0,0.0,2.0,5.0,0.0,2.0,1.0,04-06-2030,,5.0,2.0,0.0,0.0,1.0,0.0,0.0,0.0,3.0,1.0,1.0,2.0,,,,35340.0,10.0,Widow,90.19,3086.0,0.0,11.0,PhD,3.0,2.0
0.0,0.0,1.0,17.0,13.0,3.0,40.0,30-05-2028,104.0,3.0,3.0,2.0,11.0,0.0,0.0,,0.0,,13.0,1.0,5.0,,8783.0,296.0,57045.0,3.0,Married,61.1,3080.0,0.0,11.0,,3.0,4.0
0.0,0.0,2.0,16.0,5.0,4.0,81.0,17-05-2030,159.0,4.0,2.0,4.0,36.0,,0.0,0.0,0.0,9.0,27.0,1.0,2.0,0.0,310.0,,61872.0,1.0,Married,98.26,3100.0,0.0,11.0,Master,3.0,
0.0,,1.0,42.0,3.0,5.0,3.0,12-04-2028,50.0,8.0,2.0,1.0,4.0,,0.0,0.0,0.0,6.0,3.0,1.0,,0.0,1041.0,322.0,48432.0,1.0,Single,63.14,3103.0,1.0,11.0,PhD,3.0,7.0
0.0,0.0,2.0,,7.0,1.0,77.0,24-06-2029,9.0,7.0,1.0,0.0,3.0,1.0,0.0,0.0,,3.0,1.0,0.0,3.0,0.0,10203.0,11.0,26095.0,5.0,Single,55.62,3120.0,0.0,11.0,Graduation,3.0,1.0
0.0,0.0,3.0,2.0,1.0,1.0,85.0,17-05-2029,4.0,8.0,4.0,0.0,3.0,1.0,0.0,0.0,,2.0,1.0,0.0,,0.0,11148.0,2.0,22280.0,4.0,Together,80.85,3105.0,0.0,11.0,Graduation,3.0,1.0
0.0,0.0,3.0,34.0,0.0,4.0,39.0,,47.0,8.0,1.0,1.0,6.0,0.0,0.0,1.0,0.0,7.0,,1.0,4.0,,5092.0,380.0,,10.0,Widow,112.38,3079.0,1.0,11.0,PhD,3.0,7.0
0.0,0.0,,1.0,1.0,2.0,94.0,20-08-2028,9.0,8.0,3.0,0.0,2.0,1.0,0.0,0.0,0.0,3.0,1.0,,2.0,0.0,10402.0,25.0,35441.0,5.0,Married,81.26,3097.0,0.0,11.0,Graduation,3.0,1.0
0.0,0.0,2.0,12.0,1.0,,16.0,16-04-2030,6.0,,1.0,1.0,0.0,1.0,,0.0,0.0,3.0,0.0,0.0,3.0,0.0,10796.0,47.0,30477.0,1.0,Married,,3114.0,0.0,11.0,Master,3.0,1.0
0.0,0.0,1.0,26.0,,,92.0,06-01-2029,936.0,,1.0,8.0,207.0,0.0,0.0,0.0,0.0,12.0,35.0,0.0,4.0,1.0,7396.0,342.0,80398.0,2.0,Married,55.78,3096.0,0.0,11.0,Graduation,3.0,5.0
0.0,0.0,1.0,0.0,100.0,,96.0,14-08-2029,,2.0,1.0,9.0,21.0,0.0,0.0,0.0,,10.0,66.0,0.0,2.0,1.0,7789.0,684.0,84618.0,,Married,7.95,3095.0,0.0,11.0,PhD,,6.0
0.0,0.0,2.0,229.0,72.0,4.0,86.0,07-02-2028,98.0,5.0,1.0,2.0,136.0,0.0,0.0,0.0,0.0,12.0,21.0,1.0,2.0,0.0,4915.0,,53230.0,3.0,Married,23.32,3086.0,,11.0,2n Cycle,,5.0
0.0,0.0,0.0,5.0,7.0,2.0,7.0,,11.0,,1.0,0.0,11.0,1.0,0.0,0.0,0.0,3.0,0.0,0.0,3.0,0.0,2541.0,14.0,24027.0,1.0,,43.55,3106.0,,11.0,Graduation,3.0,2.0
0.0,0.0,3.0,128.0,21.0,13.0,72.0,05-01-2029,128.0,8.0,3.0,2.0,223.0,1.0,0.0,0.0,0.0,12.0,150.0,1.0,3.0,0.0,,600.0,60839.0,3.0,Together,41.88,3109.0,0.0,11.0,2n Cycle,3.0,2.0
0.0,0.0,2.0,9.0,4.0,2.0,30.0,11-09-2029,24.0,9.0,0.0,0.0,,1.0,0.0,0.0,0.0,,9.0,0.0,4.0,0.0,6859.0,37.0,29236.0,1.0,Single,40.45,3117.0,,11.0,Graduation,3.0,4.0
0.0,0.0,1.0,54.0,72.0,4.0,48.0,19-01-2029,270.0,,0.0,2.0,36.0,,0.0,0.0,0.0,12.0,27.0,1.0,1.0,0.0,1000.0,505.0,74881.0,9.0,Together,118.63,3091.0,0.0,11.0,,3.0,9.0
,,1.0,8.0,,3.0,60.0,15-12-2029,19.0,8.0,2.0,1.0,,,0.0,0.0,,3.0,5.0,1.0,2.0,0.0,5967.0,26.0,33402.0,8.0,Together,4.61,3082.0,0.0,11.0,Graduation,3.0,2.0
1.0,0.0,0.0,28.0,3.0,4.0,47.0,28-01-2030,21.0,8.0,3.0,,2.0,1.0,0.0,0.0,0.0,2.0,1.0,1.0,3.0,0.0,9671.0,14.0,,5.0,Married,17.6,3098.0,1.0,11.0,Graduation,3.0,3.0
0.0,0.0,3.0,23.0,5.0,3.0,,01-05-2029,19.0,7.0,2.0,0.0,7.0,1.0,0.0,,0.0,3.0,0.0,,2.0,0.0,5346.0,25.0,23559.0,8.0,Married,6.99,3103.0,0.0,11.0,2n Cycle,3.0,3.0
0.0,0.0,1.0,,17.0,6.0,78.0,16-03-2029,118.0,8.0,3.0,,7.0,0.0,0.0,0.0,,,23.0,1.0,3.0,0.0,2607.0,424.0,40464.0,2.0,Single,51.77,3083.0,0.0,11.0,Graduation,3.0,8.0
0.0,0.0,0.0,151.0,53.0,1.0,87.0,,,4.0,0.0,,104.0,0.0,0.0,0.0,,13.0,98.0,1.0,,0.0,7094.0,445.0,58330.0,10.0,Widow,,3105.0,0.0,11.0,Graduation,3.0,
0.0,0.0,4.0,27.0,7.0,1.0,40.0,12-01-2029,11.0,,2.0,0.0,16.0,,0.0,0.0,0.0,,12.0,0.0,0.0,0.0,5802.0,2.0,14188.0,3.0,Married,,3102.0,0.0,11.0,Basic,3.0,2.0
0.0,0.0,1.0,39.0,17.0,2.0,86.0,08-11-2028,19.0,6.0,3.0,1.0,30.0,,0.0,0.0,0.0,3.0,24.0,0.0,3.0,0.0,2278.0,4.0,33812.0,2.0,Single,118.94,3115.0,0.0,11.0,2n Cycle,3.0,2.0
0.0,0.0,3.0,3.0,6.0,2.0,54.0,04-07-2028,20.0,7.0,1.0,0.0,30.0,1.0,0.0,0.0,0.0,,1.0,0.0,5.0,0.0,1331.0,,35790.0,4.0,Single,37.94,3107.0,0.0,11.0,Graduation,3.0,2.0
0.0,0.0,1.0,9.0,1.0,2.0,74.0,02-06-2029,12.0,,5.0,0.0,3.0,2.0,0.0,0.0,,3.0,0.0,1.0,3.0,0.0,1921.0,46.0,59062.0,5.0,Married,59.0,,0.0,11.0,PhD,3.0,
,0.0,2.0,42.0,0.0,3.0,69.0,20-07-2030,37.0,5.0,3.0,3.0,7.0,0.0,0.0,0.0,,8.0,0.0,1.0,2.0,0.0,3635.0,492.0,52597.0,1.0,Single,,3092.0,0.0,,PhD,3.0,6.0
0.0,0.0,3.0,17.0,4.0,2.0,27.0,21-05-2029,13.0,5.0,3.0,0.0,15.0,0.0,,0.0,0.0,4.0,8.0,0.0,3.0,0.0,10065.0,7.0,15315.0,7.0,Married,8.0,3100.0,0.0,11.0,2n Cycle,3.0,2.0
1.0,0.0,2.0,40.0,32.0,5.0,28.0,09-01-2029,230.0,9.0,1.0,5.0,34.0,1.0,0.0,0.0,0.0,4.0,32.0,0.0,2.0,0.0,4656.0,342.0,51250.0,4.0,Single,13.16,3120.0,0.0,11.0,2n Cycle,3.0,10.0
0.0,,2.0,0.0,0.0,1.0,2.0,25-08-2029,4.0,5.0,1.0,0.0,0.0,,0.0,0.0,0.0,3.0,0.0,1.0,3.0,0.0,10623.0,,48330.0,1.0,Together,88.43,3091.0,0.0,11.0,Master,3.0,1.0
0.0,0.0,3.0,45.0,137.0,1.0,27.0,19-10-2029,,1.0,0.0,4.0,45.0,0.0,0.0,0.0,0.0,10.0,137.0,0.0,4.0,0.0,10981.0,434.0,84219.0,10.0,Married,67.26,3118.0,0.0,11.0,Graduation,3.0,3.0
0.0,0.0,1.0,15.0,33.0,5.0,8.0,28-02-2029,60.0,8.0,0.0,2.0,8.0,1.0,0.0,0.0,0.0,5.0,3.0,1.0,3.0,,,199.0,34600.0,5.0,Together,28.99,3101.0,1.0,11.0,Graduation,3.0,5.0
0.0,1.0,1.0,6.0,13.0,4.0,51.0,20-07-2030,131.0,7.0,4.0,1.0,32.0,0.0,0.0,0.0,0.0,6.0,3.0,1.0,3.0,0.0,10556.0,173.0,54984.0,9.0,Married,43.5,3089.0,0.0,11.0,Graduation,3.0,6.0
0.0,0.0,3.0,100.0,108.0,2.0,50.0,15-12-2028,185.0,3.0,3.0,6.0,130.0,0.0,0.0,0.0,0.0,9.0,38.0,1.0,2.0,0.0,6200.0,340.0,75903.0,10.0,Married,4.14,3081.0,0.0,11.0,Graduation,3.0,6.0
0.0,0.0,1.0,0.0,0.0,3.0,,20-08-2030,356.0,3.0,2.0,7.0,63.0,0.0,0.0,0.0,0.0,11.0,28.0,1.0,4.0,0.0,716.0,529.0,67911.0,9.0,Together,,3079.0,0.0,11.0,PhD,3.0,6.0
0.0,0.0,3.0,,86.0,1.0,,21-11-2028,537.0,3.0,1.0,9.0,34.0,,0.0,,,12.0,69.0,0.0,3.0,0.0,1650.0,779.0,81843.0,1.0,Married,54.1,3090.0,0.0,11.0,Master,3.0,
0.0,,1.0,190.0,51.0,,55.0,26-09-2028,432.0,1.0,2.0,10.0,180.0,0.0,0.0,,0.0,13.0,120.0,0.0,2.0,1.0,6260.0,984.0,82384.0,4.0,Together,114.47,3085.0,1.0,11.0,Master,3.0,3.0
0.0,0.0,2.0,,57.0,5.0,8.0,04-04-2029,100.0,9.0,2.0,1.0,71.0,1.0,0.0,0.0,0.0,5.0,15.0,1.0,3.0,0.0,5621.0,73.0,48752.0,8.0,Married,77.68,3099.0,,11.0,Graduation,3.0,6.0
,0.0,,2.0,4.0,5.0,84.0,14-01-2030,46.0,6.0,3.0,1.0,0.0,0.0,0.0,0.0,0.0,5.0,17.0,1.0,4.0,0.0,2456.0,,40233.0,7.0,Married,61.81,3105.0,0.0,11.0,PhD,3.0,2.0
0.0,0.0,1.0,89.0,,4.0,47.0,07-12-2028,384.0,4.0,3.0,10.0,84.0,0.0,0.0,,0.0,13.0,192.0,1.0,2.0,,2021.0,,61456.0,7.0,,47.61,3105.0,0.0,11.0,Graduation,,
0.0,0.0,1.0,12.0,63.0,4.0,93.0,07-03-2029,,4.0,0.0,4.0,0.0,0.0,0.0,1.0,0.0,10.0,12.0,1.0,3.0,0.0,7476.0,,63972.0,7.0,Single,21.64,3094.0,0.0,11.0,Master,3.0,5.0
0.0,0.0,2.0,3.0,1.0,1.0,,13-10-2029,,7.0,3.0,0.0,0.0,,0.0,0.0,0.0,3.0,0.0,0.0,3.0,0.0,10146.0,,38887.0,10.0,,22.81,3102.0,0.0,11.0,,3.0,1.0
0.0,0.0,3.0,52.0,0.0,1.0,81.0,01-10-2029,124.0,5.0,2.0,2.0,179.0,1.0,0.0,0.0,0.0,,97.0,0.0,3.0,0.0,7732.0,293.0,64813.0,3.0,Married,31.71,3108.0,0.0,,Graduation,3.0,7.0
0.0,0.0,2.0,18.0,1.0,3.0,,12-08-2029,,3.0,1.0,1.0,,1.0,0.0,0.0,0.0,3.0,2.0,,,0.0,8079.0,3.0,22448.0,6.0,Married,37.83,3112.0,0.0,,,3.0,
1.0,0.0,0.0,23.0,3.0,3.0,82.0,12-01-2029,26.0,9.0,1.0,1.0,,1.0,0.0,0.0,0.0,2.0,1.0,0.0,3.0,0.0,,24.0,11012.0,2.0,Single,21.57,3114.0,0.0,11.0,Graduation,3.0,3.0
,0.0,2.0,1.0,0.0,0.0,,25-02-2029,1725.0,1.0,3.0,28.0,2.0,,0.0,,0.0,0.0,1.0,0.0,0.0,0.0,4931.0,1.0,157146.0,9.0,Together,,3107.0,0.0,11.0,Graduation,3.0,0.0
0.0,0.0,2.0,11.0,1.0,,81.0,06-05-2029,7.0,6.0,2.0,1.0,17.0,1.0,0.0,0.0,0.0,3.0,14.0,0.0,2.0,0.0,,5.0,21955.0,5.0,Married,93.7,3116.0,0.0,11.0,2n Cycle,3.0,2.0
0.0,0.0,,28.0,28.0,1.0,75.0,06-12-2029,674.0,1.0,1.0,10.0,91.0,0.0,0.0,0.0,0.0,8.0,,0.0,4.0,0.0,7053.0,604.0,78420.0,1.0,Single,16.02,3096.0,0.0,11.0,PhD,3.0,3.0
0.0,0.0,4.0,95.0,25.0,1.0,10.0,27-07-2028,459.0,4.0,0.0,6.0,124.0,,0.0,,0.0,7.0,29.0,0.0,4.0,1.0,9064.0,823.0,,8.0,Married,77.3,3112.0,1.0,11.0,Graduation,3.0,6.0
0.0,0.0,2.0,80.0,25.0,1.0,19.0,25-01-2029,501.0,2.0,2.0,3.0,63.0,,0.0,0.0,,8.0,138.0,0.0,3.0,1.0,3619.0,,87305.0,3.0,Divorced,82.77,3090.0,1.0,11.0,2n Cycle,3.0,5.0
0.0,1.0,2.0,21.0,43.0,1.0,79.0,16-11-2029,735.0,2.0,3.0,7.0,40.0,0.0,0.0,1.0,0.0,9.0,194.0,0.0,,1.0,500.0,908.0,96876.0,7.0,,7.36,3107.0,1.0,11.0,Graduation,3.0,7.0
0.0,0.0,,6.0,0.0,1.0,33.0,27-11-2029,1.0,3.0,2.0,,0.0,1.0,0.0,0.0,0.0,,0.0,0.0,4.0,0.0,2724.0,,36143.0,7.0,Single,91.28,3111.0,0.0,11.0,Master,3.0,0.0
0.0,0.0,1.0,54.0,155.0,2.0,41.0,30-07-2029,155.0,4.0,1.0,4.0,192.0,0.0,0.0,0.0,0.0,11.0,93.0,1.0,2.0,0.0,4084.0,224.0,60934.0,3.0,Together,,3105.0,0.0,11.0,Graduation,3.0,6.0
,0.0,0.0,,0.0,,49.0,,275.0,3.0,3.0,8.0,45.0,0.0,0.0,0.0,0.0,5.0,45.0,0.0,3.0,0.0,7214.0,792.0,62187.0,10.0,Married,,,,11.0,Graduation,3.0,4.0
0.0,0.0,,,115.0,1.0,46.0,20-09-2029,292.0,3.0,,6.0,23.0,,0.0,0.0,0.0,11.0,35.0,1.0,3.0,0.0,6173.0,425.0,,10.0,Together,99.82,3109.0,0.0,11.0,Graduation,3.0,6.0
0.0,0.0,3.0,133.0,88.0,3.0,10.0,02-11-2029,168.0,5.0,0.0,3.0,69.0,0.0,0.0,0.0,0.0,13.0,44.0,1.0,,0.0,1071.0,532.0,70179.0,9.0,Divorced,114.52,3106.0,0.0,11.0,PhD,3.0,7.0
1.0,,2.0,185.0,55.0,2.0,,25-03-2028,278.0,6.0,2.0,4.0,,1.0,0.0,0.0,0.0,10.0,0.0,0.0,3.0,1.0,1103.0,1486.0,81929.0,7.0,Married,57.23,3106.0,1.0,11.0,,,4.0
,0.0,1.0,9.0,3.0,1.0,39.0,13-11-2029,6.0,7.0,1.0,,4.0,1.0,0.0,0.0,,2.0,,0.0,3.0,0.0,49.0,2.0,20587.0,2.0,Single,44.9,3100.0,0.0,11.0,Graduation,3.0,1.0
0.0,1.0,1.0,26.0,93.0,1.0,25.0,27-02-2030,520.0,1.0,3.0,10.0,,0.0,0.0,0.0,0.0,5.0,40.0,0.0,4.0,0.0,4310.0,507.0,,3.0,Married,29.89,3074.0,1.0,11.0,Graduation,3.0,5.0
0.0,0.0,1.0,12.0,18.0,3.0,23.0,,26.0,7.0,5.0,0.0,11.0,1.0,0.0,0.0,0.0,4.0,8.0,0.0,1.0,0.0,2428.0,3.0,,5.0,Married,109.52,3100.0,0.0,,Graduation,3.0,2.0
0.0,0.0,2.0,100.0,22.0,1.0,89.0,,350.0,1.0,2.0,9.0,151.0,0.0,0.0,0.0,,13.0,25.0,0.0,2.0,1.0,7960.0,,82122.0,2.0,Together,118.03,3092.0,0.0,11.0,2n Cycle,,3.0
0.0,0.0,3.0,6.0,27.0,1.0,,29-10-2029,102.0,1.0,3.0,2.0,28.0,0.0,0.0,,,,48.0,0.0,1.0,0.0,4682.0,99.0,51876.0,2.0,Married,39.91,3088.0,0.0,11.0,Graduation,3.0,2.0
0.0,0.0,2.0,0.0,0.0,1.0,0.0,05-07-2030,1.0,7.0,2.0,0.0,0.0,1.0,0.0,0.0,0.0,2.0,0.0,1.0,3.0,0.0,1386.0,10.0,32474.0,4.0,Together,11.96,3097.0,0.0,11.0,Graduation,,
0.0,0.0,2.0,12.0,2.0,0.0,76.0,04-06-2028,12.0,20.0,2.0,0.0,2.0,0.0,0.0,,0.0,1.0,2.0,1.0,2.0,,4303.0,107.0,6835.0,1.0,Together,,,,11.0,PhD,3.0,0.0
0.0,0.0,1.0,27.0,4.0,5.0,72.0,12-09-2028,12.0,5.0,0.0,,8.0,1.0,0.0,0.0,,4.0,0.0,,3.0,0.0,7124.0,43.0,36997.0,9.0,Divorced,100.45,3098.0,0.0,,Graduation,3.0,2.0
0.0,0.0,2.0,1.0,0.0,1.0,38.0,16-10-2028,5.0,7.0,2.0,0.0,0.0,1.0,0.0,0.0,0.0,2.0,0.0,0.0,4.0,,1109.0,6.0,27590.0,8.0,Together,69.46,3112.0,0.0,11.0,Master,3.0,1.0
0.0,0.0,2.0,19.0,5.0,5.0,83.0,,61.0,5.0,1.0,1.0,3.0,1.0,0.0,,0.0,5.0,,1.0,2.0,0.0,,67.0,42373.0,7.0,Single,5.89,,0.0,11.0,Graduation,3.0,2.0
0.0,0.0,,38.0,30.0,1.0,57.0,22-02-2030,,3.0,0.0,3.0,80.0,0.0,0.0,0.0,0.0,13.0,46.0,1.0,2.0,0.0,2295.0,539.0,62670.0,7.0,Married,104.3,3084.0,0.0,11.0,PhD,3.0,5.0
0.0,0.0,3.0,6.0,3.0,3.0,53.0,08-07-2030,10.0,4.0,3.0,1.0,,2.0,,,0.0,4.0,8.0,,1.0,0.0,2958.0,,28442.0,6.0,Married,78.54,3108.0,0.0,11.0,Graduation,3.0,2.0
1.0,0.0,1.0,153.0,,1.0,24.0,23-02-2030,54.0,6.0,1.0,5.0,,0.0,0.0,0.0,0.0,3.0,28.0,0.0,3.0,0.0,1175.0,88.0,,7.0,,5.42,3113.0,1.0,11.0,Master,3.0,3.0
0.0,0.0,,,15.0,2.0,14.0,23-01-2030,171.0,2.0,4.0,4.0,142.0,,0.0,0.0,0.0,12.0,23.0,1.0,2.0,0.0,4390.0,,75315.0,3.0,Together,108.19,3084.0,0.0,11.0,Graduation,3.0,5.0
0.0,0.0,1.0,34.0,0.0,,3.0,21-03-2028,45.0,8.0,2.0,4.0,0.0,1.0,0.0,1.0,0.0,10.0,0.0,1.0,3.0,0.0,4491.0,1099.0,62845.0,1.0,Married,91.87,3079.0,0.0,,Master,3.0,3.0
0.0,0.0,0.0,38.0,7.0,3.0,12.0,,84.0,,2.0,4.0,0.0,0.0,0.0,1.0,0.0,7.0,30.0,1.0,3.0,0.0,7793.0,,62061.0,4.0,Together,,3106.0,0.0,11.0,Graduation,3.0,10.0
0.0,0.0,0.0,6.0,0.0,1.0,8.0,25-01-2029,,5.0,1.0,3.0,0.0,0.0,0.0,0.0,0.0,8.0,6.0,1.0,2.0,0.0,6518.0,546.0,,10.0,Widow,78.43,3081.0,0.0,11.0,,3.0,7.0
0.0,0.0,,242.0,8.0,2.0,81.0,,53.0,6.0,3.0,10.0,11.0,,0.0,0.0,0.0,5.0,0.0,1.0,3.0,0.0,9224.0,825.0,55260.0,1.0,Single,51.9,3102.0,0.0,11.0,PhD,3.0,8.0
0.0,0.0,0.0,50.0,6.0,2.0,97.0,17-02-2029,54.0,5.0,0.0,2.0,8.0,,0.0,0.0,,6.0,3.0,1.0,5.0,0.0,5441.0,267.0,54111.0,1.0,Widow,1.96,3095.0,0.0,,PhD,3.0,5.0
0.0,0.0,2.0,14.0,0.0,3.0,74.0,23-06-2029,56.0,7.0,3.0,1.0,20.0,,0.0,0.0,0.0,3.0,8.0,0.0,4.0,0.0,,39.0,38361.0,8.0,,8.7,3099.0,,,Graduation,3.0,3.0
0.0,0.0,1.0,172.0,134.0,1.0,90.0,09-08-2028,768.0,3.0,2.0,,,0.0,0.0,0.0,0.0,5.0,38.0,0.0,2.0,0.0,8867.0,864.0,67546.0,4.0,Married,59.39,3118.0,0.0,11.0,PhD,,
0.0,0.0,1.0,29.0,,1.0,68.0,25-06-2030,259.0,4.0,0.0,2.0,77.0,0.0,0.0,0.0,,,70.0,0.0,2.0,0.0,7712.0,182.0,62159.0,4.0,Single,,3076.0,0.0,11.0,PhD,3.0,6.0
1.0,0.0,2.0,76.0,,2.0,12.0,01-08-2029,242.0,4.0,0.0,11.0,50.0,0.0,0.0,0.0,0.0,11.0,34.0,1.0,,0.0,2324.0,625.0,77044.0,9.0,Together,44.65,,0.0,11.0,Graduation,3.0,7.0
0.0,1.0,2.0,34.0,0.0,1.0,60.0,27-11-2029,264.0,4.0,3.0,8.0,120.0,0.0,0.0,,0.0,12.0,80.0,0.0,5.0,1.0,10701.0,,65308.0,7.0,Married,88.71,3103.0,0.0,11.0,Graduation,3.0,7.0
1.0,0.0,0.0,97.0,,1.0,3.0,12-11-2029,528.0,4.0,2.0,3.0,98.0,0.0,0.0,0.0,0.0,5.0,75.0,0.0,4.0,0.0,158.0,345.0,,7.0,Together,106.4,,1.0,11.0,PhD,3.0,8.0
0.0,0.0,2.0,24.0,12.0,3.0,,05-11-2029,49.0,8.0,1.0,1.0,17.0,1.0,0.0,0.0,0.0,3.0,24.0,0.0,4.0,0.0,8181.0,51.0,38593.0,4.0,Single,116.42,,0.0,11.0,2n Cycle,3.0,4.0
,0.0,3.0,21.0,0.0,6.0,66.0,01-10-2029,26.0,7.0,2.0,1.0,0.0,0.0,0.0,0.0,0.0,7.0,0.0,2.0,4.0,0.0,879.0,411.0,49681.0,,Married,9.28,3106.0,0.0,11.0,Master,3.0,7.0
0.0,0.0,0.0,42.0,35.0,2.0,15.0,09-06-2029,106.0,5.0,4.0,2.0,,0.0,,1.0,0.0,,77.0,1.0,4.0,0.0,5782.0,402.0,58582.0,5.0,Together,65.58,3112.0,0.0,11.0,2n Cycle,3.0,9.0
0.0,0.0,0.0,3.0,2.0,1.0,9.0,15-05-2030,5.0,7.0,3.0,0.0,3.0,1.0,0.0,0.0,,,,1.0,2.0,0.0,1463.0,8.0,45160.0,4.0,Single,38.52,,0.0,11.0,Graduation,3.0,1.0
0.0,,1.0,64.0,10.0,6.0,48.0,03-03-2029,253.0,7.0,2.0,2.0,56.0,1.0,0.0,0.0,0.0,7.0,,1.0,4.0,0.0,9729.0,189.0,58275.0,1.0,Widow,32.83,,0.0,11.0,Graduation,3.0,8.0
0.0,0.0,,16.0,33.0,1.0,75.0,11-07-2030,417.0,5.0,3.0,5.0,,,0.0,1.0,0.0,5.0,,1.0,3.0,1.0,10164.0,,94472.0,9.0,Single,106.33,3088.0,0.0,11.0,Graduation,3.0,5.0
0.0,0.0,4.0,1.0,1.0,1.0,31.0,15-07-2029,5.0,6.0,5.0,0.0,0.0,2.0,0.0,0.0,0.0,2.0,0.0,1.0,4.0,0.0,3790.0,,34633.0,,Together,43.86,,0.0,,Graduation,3.0,1.0
,0.0,1.0,97.0,133.0,,26.0,20-09-2028,497.0,4.0,0.0,5.0,78.0,0.0,,0.0,0.0,6.0,24.0,1.0,2.0,0.0,5564.0,509.0,62882.0,,Together,51.05,3099.0,0.0,11.0,Graduation,3.0,7.0
0.0,0.0,1.0,1.0,0.0,2.0,58.0,15-04-2030,5.0,7.0,1.0,0.0,0.0,,0.0,0.0,0.0,3.0,0.0,1.0,2.0,0.0,3526.0,32.0,38443.0,,Married,17.61,3098.0,0.0,11.0,PhD,3.0,1.0
0.0,1.0,1.0,126.0,168.0,1.0,71.0,01-04-2029,672.0,4.0,,5.0,246.0,0.0,0.0,1.0,0.0,10.0,105.0,0.0,3.0,0.0,1553.0,966.0,,10.0,Together,,3076.0,0.0,11.0,,3.0,
0.0,0.0,1.0,5.0,5.0,2.0,24.0,27-04-2028,56.0,7.0,2.0,0.0,12.0,1.0,0.0,0.0,0.0,4.0,8.0,0.0,5.0,,8832.0,37.0,37509.0,4.0,Together,105.79,3106.0,0.0,,Master,3.0,3.0
0.0,0.0,1.0,27.0,7.0,8.0,49.0,16-03-2029,81.0,7.0,0.0,3.0,20.0,1.0,0.0,0.0,0.0,5.0,0.0,1.0,4.0,0.0,1406.0,280.0,53201.0,5.0,Single,55.18,3105.0,0.0,11.0,,3.0,6.0
1.0,0.0,1.0,79.0,1.0,6.0,81.0,,79.0,8.0,6.0,1.0,7.0,1.0,0.0,0.0,0.0,3.0,1.0,1.0,,0.0,3182.0,96.0,46854.0,6.0,Single,112.43,3103.0,1.0,11.0,PhD,3.0,5.0
0.0,0.0,1.0,38.0,38.0,2.0,22.0,27-03-2030,104.0,4.0,,3.0,50.0,0.0,0.0,1.0,0.0,4.0,9.0,0.0,3.0,0.0,1740.0,760.0,55956.0,3.0,Married,116.28,3074.0,0.0,,Graduation,3.0,7.0
0.0,0.0,2.0,4.0,2.0,,89.0,02-10-2029,4.0,6.0,3.0,0.0,2.0,1.0,0.0,0.0,0.0,,1.0,1.0,2.0,0.0,2986.0,7.0,30772.0,8.0,Married,,3106.0,0.0,11.0,Graduation,3.0,1.0
0.0,0.0,,321.0,4.0,0.0,0.0,05-08-2029,12.0,1.0,1.0,0.0,2.0,0.0,0.0,0.0,0.0,0.0,4.0,1.0,4.0,,10311.0,16.0,4428.0,1.0,Married,21.76,3099.0,0.0,11.0,Graduation,3.0,
0.0,0.0,2.0,123.0,0.0,4.0,95.0,27-08-2029,134.0,5.0,0.0,3.0,,0.0,0.0,0.0,0.0,8.0,26.0,,4.0,,5863.0,359.0,47703.0,10.0,Married,67.82,3083.0,0.0,11.0,Graduation,,6.0
0.0,0.0,2.0,115.0,134.0,1.0,81.0,16-11-2028,384.0,7.0,1.0,5.0,175.0,0.0,0.0,0.0,0.0,13.0,134.0,0.0,2.0,0.0,4910.0,1132.0,68743.0,8.0,,59.53,3097.0,0.0,11.0,Graduation,3.0,11.0
0.0,0.0,0.0,131.0,15.0,1.0,,,100.0,6.0,2.0,3.0,20.0,,0.0,0.0,0.0,,7.0,1.0,1.0,0.0,3421.0,635.0,63841.0,10.0,Divorced,66.12,3098.0,0.0,11.0,Master,3.0,9.0
1.0,0.0,1.0,20.0,0.0,2.0,37.0,18-05-2030,8.0,5.0,3.0,1.0,4.0,1.0,0.0,0.0,0.0,2.0,2.0,1.0,5.0,0.0,2055.0,15.0,35860.0,10.0,Divorced,40.99,3103.0,0.0,,PhD,3.0,1.0
0.0,0.0,,3.0,,1.0,50.0,27-04-2028,6.0,4.0,1.0,0.0,3.0,0.0,,0.0,0.0,3.0,,,3.0,0.0,8080.0,5.0,,2.0,Single,84.59,3116.0,0.0,11.0,Graduation,3.0,0.0
0.0,1.0,1.0,183.0,142.0,1.0,30.0,03-08-2030,754.0,2.0,,10.0,159.0,0.0,0.0,1.0,0.0,6.0,81.0,0.0,3.0,1.0,2186.0,938.0,82326.0,1.0,,83.2,3107.0,1.0,11.0,2n Cycle,3.0,5.0
0.0,0.0,1.0,5.0,0.0,3.0,89.0,17-12-2029,15.0,7.0,3.0,1.0,2.0,1.0,0.0,,,4.0,,0.0,2.0,,5455.0,99.0,32011.0,4.0,Married,22.77,,0.0,11.0,PhD,3.0,2.0
0.0,0.0,2.0,26.0,,1.0,,02-10-2028,25.0,6.0,,0.0,2.0,,0.0,0.0,0.0,4.0,7.0,0.0,,0.0,,,39858.0,4.0,Single,41.69,3099.0,1.0,11.0,Master,3.0,2.0
0.0,0.0,2.0,176.0,14.0,11.0,,16-11-2028,397.0,6.0,6.0,5.0,76.0,0.0,,0.0,,9.0,58.0,1.0,2.0,0.0,531.0,941.0,57333.0,9.0,Divorced,54.08,3084.0,1.0,11.0,PhD,3.0,8.0
,,,10.0,6.0,3.0,38.0,03-07-2029,40.0,7.0,1.0,0.0,3.0,1.0,0.0,0.0,0.0,,7.0,1.0,2.0,0.0,10967.0,,33378.0,3.0,Divorced,51.31,,0.0,11.0,Graduation,3.0,2.0
0.0,0.0,3.0,63.0,7.0,3.0,,,140.0,5.0,2.0,5.0,,0.0,0.0,0.0,,8.0,7.0,1.0,3.0,0.0,5935.0,547.0,55284.0,4.0,Single,53.25,3086.0,0.0,11.0,Master,3.0,7.0
0.0,0.0,0.0,88.0,,1.0,11.0,16-11-2028,142.0,6.0,,2.0,71.0,0.0,0.0,,0.0,8.0,44.0,0.0,4.0,0.0,252.0,123.0,,2.0,Divorced,38.01,,0.0,11.0,PhD,3.0,6.0
0.0,0.0,2.0,7.0,0.0,,51.0,19-10-2030,3.0,5.0,4.0,1.0,0.0,0.0,,0.0,0.0,3.0,0.0,1.0,2.0,0.0,4550.0,61.0,33564.0,6.0,Together,,3096.0,0.0,11.0,Master,3.0,1.0
0.0,0.0,2.0,2.0,0.0,4.0,98.0,03-11-2030,11.0,7.0,4.0,1.0,0.0,1.0,0.0,0.0,0.0,3.0,0.0,1.0,4.0,0.0,213.0,35.0,23091.0,7.0,Single,20.43,3093.0,0.0,11.0,PhD,3.0,2.0
0.0,0.0,1.0,9.0,2.0,1.0,51.0,02-01-2029,,,1.0,1.0,2.0,1.0,0.0,0.0,0.0,2.0,2.0,0.0,3.0,0.0,6147.0,5.0,25818.0,7.0,Divorced,44.05,3101.0,,11.0,Graduation,3.0,0.0
0.0,0.0,3.0,44.0,17.0,1.0,30.0,06-11-2029,372.0,,,8.0,138.0,0.0,0.0,0.0,0.0,12.0,106.0,,4.0,0.0,10548.0,283.0,,3.0,Single,33.3,,0.0,11.0,Graduation,3.0,3.0
,0.0,2.0,8.0,8.0,,2.0,11-11-2029,407.0,0.0,1.0,8.0,150.0,0.0,0.0,0.0,0.0,,35.0,,2.0,0.0,10286.0,318.0,83715.0,8.0,Married,109.42,3092.0,0.0,11.0,Graduation,3.0,2.0
0.0,0.0,1.0,144.0,86.0,8.0,51.0,21-05-2029,249.0,6.0,,3.0,75.0,1.0,0.0,0.0,,5.0,86.0,1.0,3.0,0.0,8957.0,480.0,,2.0,Single,60.41,3082.0,0.0,11.0,2n Cycle,3.0,6.0
0.0,,4.0,10.0,10.0,,,04-07-2029,540.0,1.0,2.0,5.0,80.0,,0.0,0.0,0.0,,30.0,0.0,2.0,0.0,,377.0,72460.0,9.0,Married,67.02,3099.0,0.0,11.0,Graduation,3.0,3.0
0.0,0.0,2.0,11.0,,1.0,68.0,31-08-2028,76.0,6.0,3.0,,6.0,0.0,0.0,0.0,0.0,5.0,0.0,1.0,2.0,,8387.0,134.0,43140.0,9.0,,47.06,3087.0,,11.0,Graduation,3.0,4.0
0.0,0.0,1.0,1.0,,1.0,68.0,02-02-2029,6.0,6.0,3.0,0.0,2.0,1.0,0.0,0.0,0.0,2.0,1.0,0.0,2.0,0.0,5846.0,2.0,40246.0,10.0,Divorced,48.63,3107.0,0.0,11.0,Graduation,3.0,1.0
0.0,0.0,2.0,7.0,,4.0,,26-07-2030,62.0,5.0,0.0,1.0,,1.0,0.0,0.0,0.0,6.0,,0.0,5.0,0.0,4200.0,167.0,,6.0,Married,30.81,3100.0,0.0,11.0,Master,3.0,4.0
0.0,0.0,,,0.0,1.0,64.0,16-11-2028,815.0,2.0,1.0,,129.0,0.0,0.0,0.0,,,42.0,,2.0,0.0,5125.0,333.0,79530.0,8.0,Married,108.87,3090.0,0.0,11.0,Graduation,3.0,4.0
,,1.0,20.0,16.0,3.0,14.0,22-11-2028,20.0,8.0,1.0,0.0,,1.0,0.0,,0.0,4.0,17.0,0.0,,0.0,,4.0,18793.0,7.0,Married,107.72,3101.0,,11.0,Graduation,3.0,2.0
0.0,1.0,1.0,172.0,24.0,0.0,62.0,,790.0,2.0,,8.0,160.0,0.0,,1.0,0.0,5.0,45.0,0.0,2.0,1.0,5386.0,1111.0,94384.0,8.0,Together,103.25,3083.0,1.0,11.0,,3.0,5.0
0.0,0.0,1.0,57.0,28.0,2.0,80.0,04-01-2030,152.0,4.0,,8.0,25.0,0.0,0.0,0.0,0.0,10.0,9.0,1.0,2.0,0.0,9907.0,742.0,66476.0,8.0,,86.19,3099.0,0.0,11.0,Master,3.0,6.0
0.0,0.0,3.0,,5.0,4.0,86.0,14-04-2030,14.0,6.0,3.0,1.0,2.0,,0.0,0.0,0.0,3.0,,0.0,3.0,,10032.0,3.0,12571.0,3.0,Divorced,46.55,3106.0,0.0,11.0,Graduation,3.0,3.0
1.0,0.0,0.0,,6.0,3.0,24.0,17-05-2030,,4.0,4.0,6.0,8.0,0.0,0.0,0.0,0.0,6.0,0.0,1.0,3.0,0.0,4286.0,580.0,57642.0,,Single,72.03,3100.0,0.0,11.0,PhD,3.0,7.0
0.0,,3.0,11.0,5.0,,32.0,01-10-2029,,3.0,2.0,,15.0,0.0,0.0,,0.0,11.0,,1.0,3.0,0.0,9449.0,415.0,79761.0,9.0,Single,103.26,3088.0,0.0,11.0,PhD,3.0,5.0
0.0,0.0,3.0,4.0,0.0,6.0,98.0,01-11-2028,24.0,,2.0,,,0.0,0.0,1.0,0.0,7.0,0.0,1.0,4.0,0.0,5675.0,459.0,50611.0,8.0,Divorced,112.97,3090.0,0.0,11.0,PhD,3.0,4.0
,0.0,,241.0,84.0,1.0,47.0,21-10-2030,398.0,1.0,2.0,7.0,205.0,0.0,0.0,0.0,0.0,8.0,,0.0,2.0,0.0,7059.0,,,8.0,,91.18,3093.0,0.0,11.0,Graduation,3.0,3.0
0.0,0.0,1.0,20.0,10.0,2.0,,03-03-2028,107.0,7.0,2.0,2.0,30.0,0.0,0.0,0.0,,4.0,0.0,,5.0,0.0,1045.0,112.0,52117.0,,Together,23.1,3095.0,0.0,,Graduation,3.0,5.0
0.0,0.0,1.0,18.0,,1.0,15.0,03-10-2028,8.0,6.0,4.0,0.0,23.0,0.0,0.0,0.0,0.0,4.0,4.0,,5.0,0.0,2253.0,32.0,18929.0,2.0,Married,107.12,3120.0,0.0,11.0,Graduation,3.0,1.0
0.0,0.0,2.0,37.0,38.0,3.0,24.0,29-01-2029,161.0,7.0,1.0,9.0,62.0,0.0,0.0,0.0,0.0,7.0,47.0,1.0,4.0,0.0,1052.0,656.0,56796.0,4.0,,15.24,3099.0,0.0,11.0,Graduation,3.0,8.0
0.0,0.0,1.0,21.0,,1.0,14.0,06-04-2029,16.0,8.0,2.0,0.0,11.0,1.0,0.0,0.0,,3.0,2.0,0.0,2.0,,4099.0,10.0,30675.0,9.0,Married,16.26,3102.0,0.0,11.0,Graduation,3.0,1.0
0.0,0.0,2.0,30.0,28.0,4.0,,25-06-2029,259.0,4.0,2.0,5.0,12.0,0.0,0.0,1.0,0.0,13.0,48.0,2.0,2.0,0.0,8534.0,615.0,67433.0,2.0,Married,4.61,3082.0,0.0,,Graduation,3.0,6.0
0.0,0.0,2.0,15.0,15.0,4.0,45.0,11-03-2029,110.0,8.0,2.0,1.0,39.0,1.0,0.0,0.0,0.0,4.0,15.0,0.0,2.0,0.0,1170.0,,27573.0,9.0,Married,,3105.0,,11.0,Graduation,3.0,5.0
0.0,0.0,1.0,70.0,8.0,4.0,67.0,30-11-2028,53.0,7.0,,2.0,11.0,0.0,,1.0,0.0,9.0,0.0,1.0,,0.0,3412.0,815.0,67381.0,4.0,Married,2.11,3081.0,0.0,11.0,Master,3.0,2.0
1.0,0.0,3.0,9.0,0.0,1.0,40.0,10-07-2028,8.0,9.0,4.0,0.0,0.0,1.0,0.0,0.0,0.0,2.0,0.0,0.0,3.0,0.0,10525.0,10.0,26576.0,5.0,Single,53.16,,1.0,11.0,Graduation,,1.0
0.0,0.0,3.0,41.0,33.0,2.0,51.0,21-05-2029,54.0,5.0,0.0,2.0,71.0,0.0,0.0,0.0,0.0,4.0,30.0,1.0,4.0,,,82.0,51948.0,9.0,,107.02,3105.0,0.0,11.0,Graduation,3.0,5.0
0.0,1.0,2.0,,22.0,1.0,54.0,28-04-2029,323.0,,0.0,8.0,104.0,0.0,0.0,0.0,0.0,6.0,35.0,0.0,3.0,0.0,6583.0,390.0,72635.0,1.0,Married,14.19,3085.0,0.0,11.0,2n Cycle,,6.0
0.0,0.0,,21.0,,1.0,2.0,12-01-2029,,5.0,2.0,4.0,137.0,0.0,0.0,0.0,,9.0,42.0,0.0,3.0,0.0,9999.0,610.0,75276.0,1.0,Together,23.77,3095.0,0.0,11.0,Graduation,3.0,9.0
0.0,0.0,3.0,30.0,0.0,3.0,95.0,22-04-2028,115.0,7.0,2.0,2.0,10.0,0.0,0.0,0.0,0.0,10.0,7.0,1.0,1.0,0.0,5589.0,631.0,51983.0,4.0,,20.68,3094.0,0.0,11.0,Graduation,3.0,9.0
0.0,0.0,0.0,7.0,0.0,1.0,54.0,15-06-2030,3.0,3.0,5.0,0.0,0.0,,0.0,0.0,0.0,4.0,0.0,1.0,4.0,0.0,1131.0,85.0,52569.0,9.0,Single,27.09,3097.0,0.0,,PhD,3.0,2.0
0.0,0.0,2.0,11.0,5.0,2.0,8.0,01-05-2029,22.0,7.0,1.0,0.0,12.0,1.0,0.0,0.0,0.0,3.0,,0.0,3.0,,10270.0,11.0,35523.0,2.0,Married,,3111.0,0.0,11.0,2n Cycle,3.0,3.0
0.0,0.0,1.0,53.0,53.0,1.0,,,899.0,2.0,1.0,6.0,34.0,0.0,,0.0,0.0,10.0,,0.0,3.0,0.0,1168.0,322.0,72159.0,,Married,68.63,,0.0,11.0,PhD,3.0,4.0
0.0,0.0,0.0,,13.0,4.0,,,,7.0,0.0,1.0,24.0,1.0,0.0,,0.0,,15.0,1.0,2.0,0.0,738.0,48.0,42395.0,1.0,Single,40.84,3111.0,0.0,11.0,2n Cycle,3.0,3.0
0.0,0.0,0.0,4.0,16.0,15.0,21.0,12-07-2028,1622.0,0.0,2.0,28.0,17.0,0.0,,0.0,0.0,1.0,3.0,0.0,3.0,0.0,1501.0,55.0,160803.0,6.0,Married,28.03,3112.0,0.0,11.0,PhD,,0.0
0.0,0.0,2.0,2.0,3.0,2.0,75.0,11-03-2030,15.0,6.0,0.0,0.0,2.0,1.0,0.0,0.0,0.0,3.0,3.0,1.0,4.0,0.0,274.0,9.0,34853.0,2.0,Single,86.98,3103.0,0.0,11.0,Graduation,3.0,2.0
0.0,0.0,3.0,16.0,4.0,2.0,,15-02-2029,6.0,8.0,3.0,0.0,11.0,1.0,0.0,0.0,0.0,3.0,8.0,0.0,,0.0,6460.0,12.0,28718.0,1.0,Married,6.27,3112.0,0.0,11.0,Graduation,3.0,2.0
0.0,0.0,1.0,,1.0,1.0,90.0,24-06-2029,10.0,5.0,0.0,0.0,2.0,,,,0.0,3.0,0.0,1.0,2.0,0.0,11031.0,26.0,48699.0,1.0,Married,84.75,3080.0,,11.0,PhD,3.0,1.0
0.0,0.0,0.0,0.0,2.0,1.0,36.0,31-03-2030,,6.0,1.0,0.0,2.0,1.0,0.0,0.0,0.0,2.0,0.0,0.0,3.0,0.0,10757.0,4.0,28420.0,6.0,,42.76,3097.0,0.0,11.0,PhD,3.0,1.0
0.0,0.0,,,183.0,1.0,19.0,07-05-2030,,3.0,4.0,11.0,166.0,0.0,0.0,0.0,0.0,5.0,141.0,0.0,3.0,0.0,,395.0,,1.0,Widow,117.32,3096.0,,11.0,Graduation,3.0,5.0
,0.0,2.0,1.0,1.0,0.0,85.0,23-05-2029,2.0,0.0,2.0,0.0,1.0,0.0,0.0,0.0,0.0,0.0,1.0,0.0,4.0,0.0,11181.0,2.0,156924.0,2.0,Married,24.54,3079.0,0.0,11.0,PhD,3.0,0.0
0.0,0.0,2.0,99.0,42.0,1.0,12.0,,548.0,3.0,3.0,,64.0,0.0,0.0,0.0,0.0,4.0,83.0,0.0,3.0,0.0,8707.0,565.0,79456.0,,,105.12,3086.0,,11.0,Graduation,3.0,5.0
0.0,0.0,3.0,102.0,,1.0,98.0,22-10-2029,432.0,3.0,2.0,7.0,,0.0,0.0,,0.0,12.0,,0.0,1.0,0.0,5602.0,466.0,66973.0,7.0,Together,103.82,3119.0,0.0,11.0,PhD,3.0,8.0
0.0,,2.0,23.0,10.0,2.0,32.0,11-04-2029,56.0,,,0.0,3.0,1.0,0.0,0.0,0.0,4.0,1.0,0.0,2.0,0.0,6177.0,76.0,33454.0,7.0,Married,115.95,3115.0,0.0,11.0,PhD,3.0,4.0
0.0,0.0,1.0,66.0,0.0,5.0,,10-04-2029,86.0,,0.0,3.0,10.0,1.0,0.0,0.0,0.0,5.0,23.0,0.0,4.0,,7610.0,275.0,37292.0,3.0,Together,69.91,3113.0,0.0,11.0,Graduation,3.0,6.0
0.0,0.0,1.0,159.0,50.0,4.0,78.0,20-08-2028,142.0,,0.0,,33.0,0.0,,0.0,0.0,13.0,50.0,1.0,2.0,0.0,3856.0,571.0,63381.0,1.0,,1.18,3090.0,0.0,11.0,Graduation,3.0,4.0
1.0,0.0,1.0,72.0,1.0,2.0,30.0,27-05-2029,26.0,7.0,3.0,2.0,2.0,0.0,0.0,0.0,0.0,,0.0,1.0,3.0,0.0,5534.0,123.0,47808.0,8.0,Married,35.42,,0.0,11.0,Master,3.0,3.0
0.0,0.0,2.0,17.0,35.0,,48.0,01-01-2030,178.0,6.0,3.0,2.0,15.0,1.0,0.0,0.0,,9.0,23.0,0.0,3.0,0.0,7250.0,344.0,57867.0,6.0,Together,53.02,3108.0,,11.0,Graduation,3.0,7.0
0.0,0.0,3.0,30.0,,1.0,14.0,22-03-2029,10.0,8.0,1.0,1.0,6.0,0.0,0.0,0.0,0.0,2.0,13.0,0.0,3.0,0.0,3865.0,2.0,20981.0,8.0,Together,65.16,3107.0,1.0,11.0,,3.0,3.0
0.0,0.0,1.0,,0.0,2.0,76.0,20-11-2029,12.0,7.0,5.0,,0.0,0.0,0.0,0.0,0.0,4.0,0.0,1.0,4.0,0.0,,56.0,33419.0,3.0,,107.89,3092.0,0.0,11.0,,3.0,2.0
,0.0,1.0,110.0,2.0,2.0,17.0,11-03-2029,25.0,6.0,,3.0,7.0,0.0,0.0,0.0,0.0,3.0,0.0,1.0,4.0,0.0,7848.0,224.0,49166.0,2.0,Single,99.26,3104.0,0.0,11.0,Graduation,3.0,
0.0,0.0,3.0,190.0,63.0,,56.0,19-11-2028,507.0,,1.0,4.0,231.0,0.0,0.0,0.0,0.0,7.0,31.0,1.0,3.0,0.0,10156.0,215.0,84196.0,4.0,Single,18.18,3105.0,0.0,11.0,Graduation,3.0,8.0
0.0,,2.0,62.0,,4.0,73.0,09-09-2028,129.0,7.0,2.0,1.0,26.0,1.0,0.0,0.0,0.0,6.0,24.0,0.0,3.0,0.0,,171.0,40101.0,5.0,Together,48.64,,0.0,11.0,Master,,6.0
0.0,0.0,2.0,49.0,5.0,3.0,44.0,08-03-2029,201.0,4.0,3.0,4.0,21.0,0.0,0.0,0.0,0.0,8.0,,0.0,4.0,0.0,1044.0,299.0,58398.0,8.0,Together,,3083.0,,11.0,Graduation,3.0,5.0
0.0,0.0,2.0,26.0,71.0,1.0,56.0,11-07-2028,449.0,5.0,0.0,8.0,69.0,0.0,0.0,0.0,0.0,8.0,71.0,1.0,3.0,0.0,8717.0,1149.0,80427.0,1.0,Married,46.76,3105.0,0.0,11.0,PhD,3.0,11.0
0.0,1.0,1.0,223.0,26.0,1.0,44.0,11-05-2030,447.0,2.0,1.0,7.0,75.0,0.0,0.0,0.0,0.0,12.0,0.0,,3.0,0.0,,,78497.0,9.0,Married,37.11,3081.0,0.0,11.0,2n Cycle,3.0,5.0
,0.0,1.0,4.0,1.0,2.0,17.0,07-07-2030,10.0,5.0,2.0,0.0,2.0,1.0,0.0,0.0,0.0,3.0,0.0,,5.0,0.0,10785.0,,44078.0,7.0,Married,44.82,,0.0,,Graduation,3.0,2.0
0.0,0.0,1.0,72.0,72.0,1.0,94.0,17-04-2028,376.0,3.0,1.0,5.0,94.0,0.0,0.0,1.0,0.0,8.0,,0.0,3.0,,6055.0,546.0,,10.0,Married,46.45,3109.0,0.0,11.0,Graduation,3.0,5.0
0.0,0.0,3.0,153.0,,2.0,66.0,24-12-2028,,8.0,1.0,3.0,67.0,1.0,0.0,0.0,0.0,12.0,38.0,0.0,3.0,0.0,5140.0,1047.0,64355.0,4.0,Married,40.42,3115.0,0.0,,PhD,3.0,
0.0,0.0,2.0,45.0,54.0,2.0,18.0,02-04-2029,109.0,,2.0,,80.0,0.0,0.0,0.0,0.0,7.0,9.0,1.0,4.0,0.0,10552.0,70.0,54210.0,3.0,Married,58.29,3109.0,0.0,11.0,2n Cycle,3.0,4.0
0.0,0.0,2.0,14.0,14.0,,71.0,20-03-2029,68.0,3.0,0.0,5.0,19.0,0.0,0.0,0.0,0.0,8.0,14.0,,4.0,,,378.0,59292.0,4.0,,72.1,3080.0,0.0,11.0,PhD,,
1.0,,0.0,15.0,4.0,1.0,5.0,,1.0,6.0,,1.0,7.0,0.0,0.0,0.0,,2.0,2.0,0.0,4.0,0.0,624.0,6.0,18890.0,4.0,Single,38.04,3114.0,1.0,11.0,Master,3.0,0.0
0.0,1.0,3.0,41.0,61.0,1.0,84.0,11-01-2029,109.0,4.0,2.0,7.0,48.0,0.0,0.0,0.0,0.0,9.0,,0.0,2.0,0.0,1627.0,,77297.0,1.0,Divorced,68.79,3087.0,0.0,,2n Cycle,3.0,5.0
0.0,,2.0,49.0,5.0,5.0,48.0,03-05-2029,65.0,9.0,3.0,2.0,3.0,,0.0,,0.0,4.0,5.0,1.0,3.0,0.0,3099.0,183.0,44267.0,,Divorced,119.53,,0.0,11.0,Graduation,3.0,5.0
0.0,1.0,3.0,80.0,16.0,2.0,,21-08-2029,272.0,,3.0,3.0,104.0,1.0,0.0,1.0,0.0,6.0,0.0,0.0,3.0,1.0,2176.0,1218.0,80134.0,1.0,Married,9.17,3102.0,1.0,11.0,Graduation,3.0,
0.0,0.0,2.0,4.0,0.0,,55.0,09-08-2030,16.0,7.0,6.0,0.0,17.0,1.0,0.0,0.0,0.0,3.0,,,3.0,0.0,3623.0,4.0,21675.0,,Together,24.8,3106.0,0.0,11.0,Graduation,3.0,
0.0,0.0,2.0,33.0,9.0,1.0,78.0,21-04-2030,27.0,3.0,2.0,1.0,16.0,1.0,0.0,0.0,0.0,4.0,9.0,0.0,4.0,0.0,538.0,31.0,46107.0,3.0,Single,29.84,3119.0,0.0,11.0,Graduation,3.0,1.0
0.0,0.0,0.0,99.0,28.0,3.0,83.0,,135.0,5.0,3.0,3.0,,0.0,0.0,0.0,0.0,12.0,21.0,1.0,,0.0,7787.0,,,2.0,Together,65.88,3090.0,0.0,11.0,Graduation,3.0,5.0
0.0,0.0,2.0,,172.0,1.0,58.0,30-11-2028,961.0,3.0,2.0,6.0,125.0,0.0,0.0,0.0,,5.0,115.0,0.0,3.0,0.0,9220.0,576.0,91700.0,5.0,Single,33.38,3101.0,1.0,11.0,Graduation,3.0,8.0
0.0,,1.0,114.0,85.0,2.0,65.0,21-03-2028,171.0,2.0,2.0,7.0,25.0,0.0,0.0,0.0,0.0,13.0,123.0,1.0,,0.0,4640.0,561.0,70647.0,9.0,Divorced,,3097.0,0.0,11.0,Graduation,3.0,4.0
0.0,0.0,2.0,6.0,,2.0,93.0,13-06-2029,15.0,6.0,1.0,,2.0,,0.0,0.0,0.0,3.0,1.0,0.0,3.0,0.0,3641.0,10.0,13624.0,5.0,Married,44.4,3106.0,0.0,11.0,Graduation,3.0,
0.0,0.0,2.0,166.0,111.0,1.0,53.0,12-02-2030,704.0,2.0,,4.0,145.0,0.0,0.0,1.0,0.0,10.0,,0.0,3.0,0.0,3139.0,871.0,74116.0,8.0,Single,42.76,3112.0,0.0,11.0,2n Cycle,3.0,4.0
0.0,0.0,2.0,,0.0,2.0,78.0,28-12-2029,15.0,8.0,2.0,,2.0,1.0,,0.0,,3.0,1.0,0.0,4.0,0.0,6383.0,26.0,32892.0,1.0,Together,118.25,3101.0,0.0,11.0,PhD,3.0,3.0
0.0,0.0,0.0,121.0,26.0,1.0,65.0,08-01-2029,640.0,2.0,2.0,9.0,180.0,0.0,0.0,0.0,0.0,13.0,37.0,0.0,3.0,0.0,9305.0,311.0,79689.0,4.0,Single,90.2,3106.0,0.0,11.0,2n Cycle,3.0,4.0
0.0,0.0,1.0,5.0,1.0,1.0,77.0,21-07-2029,3.0,7.0,1.0,0.0,8.0,,0.0,0.0,0.0,2.0,0.0,0.0,,0.0,,3.0,31859.0,8.0,Divorced,58.5,3106.0,0.0,,Graduation,3.0,1.0
0.0,0.0,2.0,9.0,0.0,1.0,51.0,08-04-2029,11.0,8.0,0.0,1.0,0.0,1.0,0.0,,0.0,2.0,2.0,0.0,4.0,0.0,78.0,,25293.0,2.0,Married,91.86,3099.0,0.0,11.0,Graduation,3.0,1.0
0.0,0.0,1.0,1.0,4.0,1.0,83.0,13-02-2030,36.0,5.0,2.0,0.0,2.0,1.0,0.0,0.0,0.0,4.0,2.0,1.0,3.0,0.0,5734.0,46.0,,7.0,Married,83.5,3104.0,0.0,11.0,PhD,3.0,2.0
0.0,0.0,1.0,5.0,0.0,4.0,37.0,26-12-2028,,7.0,1.0,0.0,4.0,2.0,0.0,,0.0,,2.0,,4.0,,1734.0,59.0,40706.0,1.0,Together,45.55,3098.0,0.0,,,3.0,3.0
0.0,0.0,2.0,9.0,0.0,1.0,12.0,13-09-2029,5.0,3.0,1.0,0.0,0.0,0.0,0.0,0.0,1.0,3.0,3.0,0.0,,0.0,10401.0,1.0,26326.0,1.0,Together,3.43,3106.0,0.0,11.0,2n Cycle,3.0,
0.0,0.0,0.0,70.0,13.0,2.0,38.0,20-12-2028,180.0,8.0,1.0,3.0,86.0,0.0,0.0,0.0,0.0,5.0,13.0,0.0,2.0,,6875.0,167.0,32727.0,3.0,Together,19.01,,0.0,11.0,,3.0,7.0
0.0,0.0,2.0,11.0,80.0,5.0,63.0,01-02-2028,217.0,6.0,4.0,6.0,29.0,0.0,0.0,0.0,0.0,12.0,80.0,,3.0,,,757.0,67445.0,3.0,Married,96.24,3104.0,0.0,11.0,Graduation,3.0,9.0
0.0,0.0,2.0,42.0,,2.0,11.0,10-03-2029,,6.0,,1.0,19.0,1.0,0.0,,0.0,3.0,14.0,0.0,2.0,0.0,,6.0,,1.0,,117.71,3105.0,0.0,11.0,Graduation,3.0,
0.0,0.0,2.0,192.0,15.0,2.0,39.0,15-04-2028,47.0,6.0,3.0,4.0,20.0,0.0,0.0,0.0,0.0,3.0,0.0,,2.0,0.0,9094.0,313.0,62972.0,,Married,66.27,3085.0,1.0,11.0,2n Cycle,3.0,7.0
0.0,0.0,1.0,10.0,0.0,4.0,2.0,12-11-2029,18.0,7.0,,0.0,2.0,1.0,0.0,,0.0,4.0,0.0,1.0,3.0,0.0,4867.0,58.0,38236.0,2.0,Single,64.59,3098.0,0.0,,PhD,3.0,3.0
0.0,0.0,2.0,205.0,0.0,6.0,,20-10-2028,235.0,7.0,0.0,3.0,,0.0,,0.0,0.0,13.0,14.0,1.0,1.0,0.0,9212.0,1205.0,72828.0,5.0,Married,61.53,3092.0,0.0,11.0,Master,,6.0
0.0,,1.0,172.0,134.0,1.0,90.0,31-10-2028,,3.0,3.0,10.0,150.0,,0.0,0.0,0.0,5.0,38.0,0.0,3.0,0.0,2747.0,,67546.0,2.0,Married,14.03,3118.0,0.0,11.0,PhD,3.0,4.0
0.0,0.0,2.0,56.0,142.0,4.0,8.0,30-03-2029,217.0,5.0,,4.0,62.0,0.0,0.0,1.0,0.0,13.0,9.0,1.0,4.0,0.0,9723.0,530.0,67716.0,4.0,Married,72.6,3090.0,0.0,11.0,Graduation,3.0,7.0
0.0,0.0,2.0,14.0,,4.0,46.0,08-04-2029,250.0,5.0,1.0,10.0,153.0,0.0,0.0,0.0,0.0,5.0,,1.0,3.0,0.0,10092.0,1073.0,70044.0,7.0,Divorced,,3084.0,0.0,,Graduation,3.0,7.0
0.0,0.0,1.0,12.0,9.0,1.0,92.0,25-06-2029,13.0,7.0,4.0,0.0,2.0,1.0,0.0,0.0,,3.0,12.0,,4.0,0.0,1517.0,3.0,30822.0,3.0,Single,52.82,3099.0,0.0,11.0,,3.0,1.0
0.0,0.0,2.0,21.0,14.0,1.0,,22-10-2028,218.0,2.0,3.0,3.0,91.0,0.0,0.0,0.0,0.0,13.0,14.0,0.0,4.0,0.0,466.0,388.0,65275.0,3.0,Married,117.71,3074.0,0.0,,Graduation,3.0,4.0
1.0,0.0,0.0,42.0,8.0,4.0,5.0,06-01-2029,223.0,8.0,,,32.0,,0.0,0.0,0.0,,49.0,1.0,4.0,0.0,1146.0,,49912.0,9.0,Together,64.3,3079.0,1.0,11.0,Master,3.0,10.0
0.0,1.0,2.0,0.0,0.0,1.0,,02-10-2028,883.0,3.0,2.0,6.0,,0.0,0.0,0.0,0.0,8.0,38.0,0.0,1.0,0.0,3919.0,960.0,72309.0,9.0,Single,79.58,3106.0,1.0,11.0,Master,3.0,5.0
0.0,0.0,1.0,4.0,4.0,2.0,34.0,09-01-2030,10.0,5.0,3.0,0.0,,0.0,0.0,,0.0,3.0,,0.0,2.0,0.0,10617.0,8.0,10979.0,10.0,Divorced,49.68,3119.0,0.0,11.0,Master,,3.0
0.0,,3.0,71.0,0.0,6.0,7.0,08-03-2030,76.0,5.0,,4.0,13.0,1.0,0.0,0.0,0.0,3.0,7.0,1.0,1.0,0.0,8216.0,158.0,53761.0,5.0,Married,8.3,3102.0,0.0,11.0,Master,3.0,4.0
,,4.0,89.0,12.0,1.0,48.0,19-02-2029,385.0,4.0,2.0,7.0,33.0,0.0,0.0,,0.0,13.0,89.0,0.0,3.0,0.0,6318.0,758.0,68487.0,5.0,Married,92.36,3118.0,0.0,11.0,Graduation,3.0,9.0
0.0,0.0,,4.0,13.0,3.0,75.0,28-01-2029,66.0,,1.0,1.0,43.0,1.0,0.0,0.0,0.0,,8.0,0.0,3.0,0.0,6969.0,99.0,,,Together,104.93,3112.0,0.0,,Graduation,3.0,4.0
1.0,0.0,1.0,195.0,17.0,5.0,70.0,02-01-2030,133.0,7.0,1.0,,11.0,0.0,0.0,0.0,0.0,7.0,0.0,,,0.0,,729.0,53103.0,5.0,Together,22.42,,0.0,11.0,Graduation,3.0,10.0
1.0,1.0,4.0,147.0,117.0,1.0,7.0,15-08-2030,678.0,1.0,0.0,10.0,134.0,0.0,0.0,0.0,0.0,8.0,44.0,0.0,0.0,0.0,3005.0,530.0,,1.0,Single,,3122.0,1.0,11.0,Graduation,,4.0
0.0,0.0,,15.0,7.0,3.0,,21-08-2028,14.0,7.0,5.0,1.0,7.0,,0.0,0.0,0.0,3.0,16.0,0.0,4.0,0.0,8700.0,7.0,14906.0,3.0,Single,63.84,3116.0,0.0,11.0,,3.0,2.0
0.0,0.0,1.0,75.0,23.0,1.0,24.0,12-04-2029,389.0,,4.0,5.0,42.0,0.0,0.0,0.0,0.0,7.0,21.0,0.0,2.0,0.0,4607.0,227.0,71367.0,3.0,Together,72.68,3089.0,0.0,11.0,Graduation,3.0,4.0
0.0,0.0,0.0,6.0,0.0,1.0,40.0,15-01-2030,8.0,4.0,1.0,0.0,2.0,1.0,0.0,0.0,0.0,3.0,0.0,1.0,,0.0,1055.0,29.0,,4.0,Married,86.1,3106.0,0.0,,Master,3.0,1.0
1.0,0.0,,36.0,4.0,1.0,52.0,11-02-2029,10.0,6.0,2.0,1.0,29.0,1.0,0.0,0.0,0.0,,0.0,0.0,4.0,0.0,8462.0,1.0,24882.0,2.0,Together,102.63,3108.0,,11.0,Basic,3.0,1.0
0.0,0.0,2.0,41.0,71.0,6.0,35.0,01-10-2028,,9.0,2.0,,120.0,0.0,0.0,0.0,0.0,10.0,112.0,1.0,5.0,0.0,8041.0,595.0,47111.0,10.0,Widow,48.44,3101.0,0.0,11.0,PhD,3.0,3.0
0.0,0.0,2.0,12.0,8.0,2.0,20.0,17-11-2028,26.0,7.0,2.0,0.0,12.0,,0.0,0.0,0.0,4.0,7.0,1.0,2.0,0.0,3697.0,69.0,39898.0,3.0,Together,20.41,3084.0,0.0,,Graduation,3.0,
0.0,0.0,2.0,145.0,193.0,2.0,3.0,23-09-2028,459.0,2.0,2.0,8.0,205.0,,0.0,0.0,,,26.0,0.0,3.0,0.0,10676.0,145.0,63211.0,6.0,Married,22.76,3112.0,1.0,11.0,Graduation,3.0,3.0
0.0,0.0,1.0,53.0,53.0,1.0,54.0,,462.0,,2.0,7.0,168.0,0.0,,0.0,0.0,7.0,53.0,0.0,4.0,0.0,,376.0,85431.0,2.0,Together,64.76,3082.0,0.0,11.0,PhD,3.0,2.0
,0.0,3.0,,10.0,2.0,41.0,14-01-2030,11.0,6.0,4.0,0.0,12.0,1.0,,0.0,0.0,3.0,9.0,0.0,3.0,0.0,4055.0,2.0,18746.0,,Single,116.37,3122.0,0.0,11.0,Basic,3.0,3.0
0.0,0.0,0.0,2.0,0.0,5.0,,13-07-2028,10.0,6.0,2.0,1.0,0.0,,0.0,1.0,0.0,,0.0,1.0,5.0,0.0,5966.0,203.0,45207.0,9.0,Married,,3104.0,0.0,11.0,PhD,3.0,3.0
0.0,0.0,1.0,59.0,,3.0,,11-11-2028,38.0,,3.0,2.0,4.0,0.0,0.0,0.0,0.0,4.0,0.0,1.0,3.0,0.0,221.0,138.0,48726.0,9.0,Married,,3085.0,0.0,11.0,Graduation,3.0,
,0.0,1.0,20.0,,1.0,46.0,14-02-2029,,2.0,4.0,4.0,,,0.0,0.0,0.0,12.0,61.0,,2.0,0.0,821.0,962.0,92859.0,10.0,Single,17.3,3122.0,0.0,11.0,Master,3.0,5.0
0.0,0.0,0.0,43.0,35.0,2.0,40.0,22-09-2029,,,0.0,,130.0,0.0,0.0,0.0,0.0,8.0,35.0,1.0,,0.0,8402.0,329.0,67087.0,,Married,38.85,3083.0,0.0,11.0,Master,3.0,7.0
0.0,1.0,1.0,88.0,117.0,1.0,49.0,10-07-2029,499.0,3.0,5.0,10.0,76.0,0.0,0.0,0.0,0.0,7.0,102.0,0.0,3.0,0.0,1215.0,690.0,70440.0,3.0,Together,24.39,3108.0,0.0,11.0,Graduation,3.0,5.0
,0.0,1.0,,1.0,4.0,,09-10-2028,25.0,8.0,1.0,,0.0,,0.0,0.0,0.0,4.0,1.0,0.0,4.0,0.0,9076.0,155.0,30732.0,2.0,,24.76,3110.0,0.0,11.0,PhD,3.0,4.0
0.0,0.0,2.0,3.0,8.0,2.0,80.0,,10.0,4.0,2.0,1.0,,0.0,0.0,0.0,0.0,3.0,10.0,1.0,3.0,0.0,5223.0,33.0,45903.0,5.0,Together,58.61,3096.0,0.0,11.0,Master,,2.0
0.0,,1.0,19.0,14.0,3.0,33.0,16-03-2029,83.0,7.0,2.0,2.0,6.0,0.0,0.0,0.0,1.0,6.0,9.0,1.0,2.0,0.0,359.0,373.0,48070.0,,Together,18.94,3080.0,0.0,11.0,Graduation,3.0,8.0
,0.0,1.0,12.0,12.0,4.0,,10-07-2028,194.0,,1.0,8.0,16.0,0.0,0.0,0.0,0.0,13.0,24.0,1.0,3.0,1.0,1351.0,962.0,58656.0,7.0,Together,35.13,3086.0,0.0,11.0,Master,3.0,7.0
0.0,0.0,2.0,1.0,2.0,,98.0,16-12-2029,1582.0,0.0,1.0,22.0,1.0,0.0,0.0,0.0,0.0,0.0,2.0,,3.0,0.0,8475.0,20.0,157243.0,1.0,,73.86,3103.0,0.0,11.0,PhD,3.0,0.0
0.0,0.0,2.0,1.0,1.0,3.0,70.0,23-06-2029,23.0,8.0,1.0,,0.0,1.0,0.0,0.0,0.0,,5.0,0.0,3.0,0.0,8625.0,15.0,17649.0,8.0,Married,58.67,3106.0,0.0,11.0,Graduation,3.0,3.0
1.0,0.0,1.0,6.0,0.0,1.0,25.0,06-05-2030,2.0,7.0,0.0,0.0,0.0,,1.0,0.0,0.0,3.0,0.0,,,,2945.0,,46015.0,3.0,Together,87.47,3085.0,0.0,11.0,PhD,3.0,1.0
0.0,0.0,2.0,3.0,8.0,2.0,95.0,13-05-2029,14.0,7.0,0.0,0.0,10.0,1.0,,0.0,0.0,4.0,4.0,1.0,2.0,0.0,5268.0,17.0,29440.0,8.0,Married,82.01,3090.0,0.0,11.0,Graduation,3.0,
0.0,0.0,2.0,20.0,2.0,,9.0,15-12-2028,71.0,8.0,2.0,2.0,3.0,1.0,0.0,0.0,0.0,4.0,2.0,1.0,4.0,0.0,2387.0,177.0,43776.0,9.0,Together,,3082.0,1.0,11.0,Master,3.0,5.0
0.0,,1.0,20.0,10.0,3.0,84.0,05-11-2029,19.0,5.0,4.0,1.0,8.0,1.0,,0.0,0.0,,,1.0,4.0,0.0,,15.0,26091.0,8.0,Together,3.1,3087.0,0.0,11.0,Graduation,3.0,2.0
0.0,0.0,2.0,27.0,20.0,,47.0,04-12-2028,613.0,2.0,2.0,7.0,,0.0,0.0,0.0,0.0,9.0,61.0,0.0,3.0,0.0,203.0,,81169.0,10.0,Single,61.61,3105.0,0.0,11.0,Master,3.0,
0.0,0.0,,6.0,,,50.0,29-03-2029,32.0,2.0,0.0,1.0,37.0,0.0,0.0,0.0,0.0,,54.0,1.0,2.0,0.0,11096.0,99.0,57247.0,10.0,Together,80.69,3082.0,0.0,,,3.0,2.0
0.0,0.0,1.0,12.0,2.0,3.0,49.0,10-10-2029,18.0,8.0,1.0,0.0,0.0,1.0,,0.0,0.0,3.0,2.0,0.0,2.0,0.0,1321.0,22.0,26067.0,7.0,Married,94.12,3104.0,0.0,11.0,Graduation,3.0,3.0
0.0,0.0,2.0,12.0,14.0,4.0,23.0,26-07-2029,18.0,6.0,3.0,1.0,8.0,1.0,0.0,0.0,,3.0,1.0,0.0,3.0,0.0,9432.0,9.0,666666.0,8.0,Together,81.47,3107.0,,11.0,Graduation,,3.0
0.0,0.0,0.0,9.0,4.0,4.0,33.0,01-04-2030,22.0,,0.0,1.0,0.0,1.0,0.0,0.0,0.0,3.0,2.0,2.0,,0.0,1100.0,24.0,41275.0,8.0,Together,96.86,3090.0,0.0,11.0,Master,3.0,3.0
,0.0,2.0,6.0,0.0,1.0,75.0,29-04-2028,5.0,8.0,3.0,0.0,0.0,1.0,0.0,0.0,0.0,3.0,3.0,2.0,1.0,0.0,2375.0,8.0,30261.0,,Together,,3102.0,0.0,11.0,Graduation,3.0,0.0
0.0,0.0,2.0,130.0,0.0,,77.0,03-09-2028,69.0,8.0,2.0,,10.0,0.0,0.0,0.0,0.0,3.0,0.0,1.0,2.0,0.0,9426.0,691.0,,7.0,Single,24.2,3094.0,0.0,,Master,3.0,2.0
0.0,0.0,0.0,16.0,4.0,2.0,49.0,,9.0,7.0,1.0,0.0,10.0,1.0,0.0,0.0,0.0,3.0,5.0,0.0,,0.0,5868.0,2.0,19107.0,2.0,Married,65.62,3110.0,0.0,,Graduation,3.0,1.0
0.0,0.0,3.0,40.0,17.0,,63.0,07-05-2029,18.0,9.0,1.0,2.0,8.0,1.0,0.0,0.0,0.0,2.0,26.0,0.0,2.0,0.0,4136.0,10.0,7500.0,4.0,Single,,3122.0,0.0,11.0,,3.0,3.0
0.0,0.0,3.0,63.0,38.0,1.0,,28-02-2029,701.0,3.0,4.0,4.0,149.0,0.0,0.0,0.0,0.0,,165.0,0.0,3.0,0.0,528.0,267.0,65819.0,5.0,,6.28,3108.0,0.0,11.0,Graduation,3.0,
0.0,,2.0,6.0,1.0,2.0,38.0,26-06-2030,6.0,5.0,0.0,1.0,2.0,1.0,0.0,0.0,0.0,2.0,1.0,1.0,3.0,0.0,2174.0,11.0,46344.0,4.0,Single,23.32,3084.0,0.0,11.0,Graduation,3.0,1.0
0.0,0.0,2.0,32.0,10.0,1.0,,23-04-2029,8.0,6.0,3.0,1.0,3.0,0.0,0.0,0.0,0.0,2.0,,0.0,2.0,0.0,2964.0,3.0,26872.0,3.0,,97.15,3111.0,0.0,,Graduation,3.0,1.0
0.0,1.0,3.0,66.0,0.0,4.0,2.0,10-01-2030,257.0,7.0,,2.0,32.0,0.0,0.0,0.0,0.0,8.0,16.0,1.0,4.0,0.0,1992.0,522.0,60597.0,7.0,Married,107.89,3094.0,1.0,11.0,Graduation,,2.0
0.0,0.0,2.0,19.0,2.0,2.0,51.0,17-05-2028,16.0,,1.0,1.0,3.0,,0.0,0.0,0.0,2.0,,0.0,3.0,0.0,6354.0,5.0,15345.0,6.0,Together,82.99,3114.0,1.0,11.0,Graduation,3.0,1.0
0.0,0.0,0.0,43.0,,1.0,,27-03-2030,68.0,2.0,5.0,2.0,16.0,0.0,0.0,0.0,0.0,6.0,66.0,0.0,3.0,0.0,2471.0,48.0,61482.0,8.0,Married,102.79,3095.0,,11.0,Graduation,3.0,3.0
0.0,0.0,1.0,5.0,19.0,3.0,24.0,29-01-2030,21.0,7.0,3.0,,16.0,,0.0,0.0,0.0,4.0,14.0,0.0,4.0,0.0,968.0,112.0,41335.0,2.0,Divorced,62.94,3098.0,0.0,11.0,Master,3.0,4.0
0.0,0.0,,227.0,35.0,1.0,92.0,,305.0,1.0,1.0,11.0,46.0,,0.0,0.0,0.0,5.0,17.0,,3.0,,,203.0,75127.0,7.0,Single,32.86,3082.0,0.0,11.0,Graduation,3.0,2.0
0.0,,,34.0,0.0,3.0,65.0,26-09-2028,45.0,8.0,1.0,2.0,,0.0,1.0,1.0,,11.0,0.0,1.0,4.0,0.0,9707.0,1103.0,55212.0,4.0,Married,49.38,3099.0,,11.0,PhD,3.0,4.0
0.0,,1.0,7.0,12.0,1.0,98.0,31-10-2029,31.0,3.0,2.0,3.0,3.0,0.0,0.0,0.0,0.0,5.0,12.0,1.0,4.0,0.0,,199.0,54222.0,3.0,,,3103.0,0.0,11.0,,3.0,3.0
0.0,0.0,2.0,21.0,8.0,3.0,77.0,04-08-2028,17.0,7.0,4.0,2.0,13.0,1.0,0.0,0.0,0.0,,0.0,1.0,2.0,0.0,7998.0,53.0,28087.0,,,6.66,3088.0,0.0,11.0,Graduation,3.0,2.0
0.0,0.0,,0.0,,1.0,2.0,19-12-2028,2.0,6.0,0.0,0.0,3.0,0.0,0.0,0.0,,3.0,2.0,0.0,5.0,0.0,,9.0,27469.0,4.0,Married,112.65,3077.0,0.0,11.0,Graduation,3.0,0.0
,0.0,2.0,9.0,4.0,7.0,52.0,09-08-2030,24.0,7.0,3.0,2.0,0.0,,0.0,1.0,0.0,6.0,0.0,1.0,1.0,0.0,4769.0,456.0,57954.0,5.0,,99.99,3107.0,0.0,11.0,Master,3.0,8.0
0.0,0.0,2.0,4.0,3.0,1.0,24.0,26-09-2028,17.0,9.0,1.0,0.0,3.0,1.0,0.0,0.0,0.0,3.0,0.0,0.0,1.0,0.0,,18.0,20895.0,7.0,Married,22.58,3103.0,0.0,11.0,Graduation,3.0,2.0
,0.0,2.0,28.0,,1.0,86.0,25-07-2029,154.0,2.0,2.0,,50.0,,0.0,0.0,0.0,,9.0,0.0,6.0,0.0,10505.0,,73113.0,,Together,41.37,3090.0,0.0,11.0,Master,3.0,3.0
0.0,0.0,2.0,10.0,0.0,1.0,93.0,01-12-2029,27.0,7.0,0.0,,,0.0,0.0,1.0,0.0,6.0,0.0,1.0,2.0,0.0,4440.0,509.0,64100.0,7.0,Married,114.1,3094.0,0.0,11.0,Master,3.0,8.0
0.0,0.0,3.0,28.0,,4.0,50.0,27-04-2029,22.0,,2.0,1.0,,2.0,0.0,0.0,0.0,4.0,9.0,1.0,4.0,0.0,6642.0,30.0,27215.0,2.0,Divorced,43.83,3091.0,0.0,11.0,Graduation,3.0,2.0
1.0,0.0,1.0,124.0,17.0,1.0,,21-12-2028,133.0,6.0,1.0,3.0,11.0,0.0,0.0,0.0,0.0,13.0,8.0,0.0,3.0,0.0,,728.0,44953.0,10.0,Together,111.21,3111.0,0.0,,PhD,3.0,7.0
0.0,0.0,0.0,42.0,14.0,2.0,9.0,09-11-2029,77.0,,6.0,1.0,19.0,1.0,0.0,0.0,0.0,8.0,,0.0,4.0,0.0,10855.0,234.0,50014.0,1.0,Single,16.16,3098.0,0.0,11.0,Master,3.0,4.0
0.0,0.0,0.0,1.0,0.0,15.0,29.0,05-06-2030,1.0,19.0,5.0,0.0,1.0,1.0,0.0,0.0,,0.0,,1.0,2.0,,9931.0,5.0,4023.0,9.0,Married,25.69,3093.0,0.0,11.0,PhD,3.0,0.0
0.0,0.0,,15.0,,1.0,29.0,18-09-2030,396.0,1.0,0.0,3.0,,0.0,0.0,0.0,0.0,5.0,22.0,0.0,4.0,0.0,7828.0,68.0,77882.0,3.0,Together,,3111.0,0.0,11.0,Master,,3.0
0.0,0.0,4.0,90.0,12.0,2.0,92.0,14-01-2029,109.0,6.0,1.0,2.0,16.0,0.0,0.0,0.0,0.0,10.0,6.0,1.0,2.0,0.0,5562.0,502.0,60093.0,3.0,Married,25.38,3104.0,,11.0,Graduation,3.0,7.0
0.0,0.0,3.0,6.0,0.0,1.0,2.0,16-03-2029,,6.0,2.0,1.0,0.0,,0.0,0.0,0.0,2.0,0.0,0.0,5.0,0.0,6287.0,,34728.0,10.0,,68.49,3116.0,1.0,11.0,Graduation,3.0,
0.0,0.0,0.0,42.0,,4.0,7.0,15-02-2029,16.0,8.0,2.0,1.0,6.0,1.0,0.0,0.0,0.0,3.0,16.0,0.0,3.0,,,6.0,9722.0,4.0,Together,,3103.0,1.0,11.0,Basic,3.0,3.0
0.0,0.0,1.0,4.0,0.0,,22.0,25-12-2029,9.0,3.0,2.0,1.0,2.0,1.0,0.0,0.0,0.0,4.0,,1.0,2.0,0.0,6466.0,105.0,57236.0,6.0,Married,50.89,3095.0,,11.0,PhD,3.0,2.0
0.0,0.0,2.0,4.0,0.0,2.0,51.0,29-09-2030,16.0,6.0,3.0,0.0,,1.0,0.0,,0.0,4.0,,1.0,5.0,0.0,3381.0,70.0,,5.0,Married,31.76,3083.0,,,Master,3.0,2.0
0.0,0.0,1.0,14.0,,3.0,74.0,09-10-2029,74.0,7.0,3.0,1.0,11.0,0.0,0.0,0.0,0.0,5.0,5.0,1.0,2.0,0.0,2262.0,202.0,45143.0,6.0,Together,97.45,3095.0,0.0,11.0,Master,3.0,6.0
0.0,0.0,2.0,,2.0,4.0,43.0,19-10-2028,,9.0,,2.0,2.0,,0.0,0.0,0.0,2.0,1.0,1.0,3.0,0.0,10010.0,100.0,,4.0,,80.86,3083.0,,,,3.0,3.0
0.0,0.0,1.0,,24.0,5.0,11.0,16-05-2029,68.0,4.0,2.0,1.0,65.0,0.0,0.0,0.0,0.0,6.0,4.0,1.0,2.0,0.0,2677.0,72.0,46097.0,3.0,Together,17.14,3086.0,0.0,11.0,Graduation,3.0,3.0
0.0,0.0,2.0,18.0,7.0,1.0,,16-08-2030,48.0,7.0,1.0,0.0,10.0,0.0,,0.0,0.0,4.0,2.0,0.0,2.0,0.0,1839.0,56.0,43322.0,7.0,Single,113.99,3104.0,0.0,,Graduation,3.0,3.0
0.0,0.0,0.0,14.0,42.0,2.0,16.0,23-09-2029,98.0,6.0,1.0,4.0,0.0,0.0,,0.0,0.0,10.0,42.0,1.0,2.0,0.0,7446.0,,62513.0,10.0,Together,14.9,3097.0,0.0,11.0,Master,3.0,6.0
0.0,0.0,1.0,21.0,28.0,,4.0,26-01-2030,215.0,3.0,,5.0,,0.0,,0.0,0.0,9.0,28.0,1.0,,0.0,,381.0,70566.0,9.0,Single,23.06,3098.0,0.0,11.0,Graduation,3.0,6.0
0.0,1.0,2.0,75.0,0.0,1.0,,27-12-2028,,9.0,4.0,5.0,,1.0,0.0,1.0,0.0,8.0,126.0,0.0,3.0,1.0,2535.0,163.0,88097.0,6.0,,82.0,3108.0,1.0,,Master,3.0,6.0
0.0,0.0,1.0,,51.0,1.0,2.0,16-06-2030,981.0,1.0,4.0,6.0,,0.0,0.0,0.0,0.0,6.0,23.0,0.0,4.0,0.0,1619.0,,,,Married,48.9,3086.0,1.0,11.0,Graduation,3.0,4.0
0.0,0.0,2.0,106.0,0.0,5.0,26.0,24-07-2028,106.0,6.0,2.0,1.0,49.0,0.0,0.0,0.0,0.0,5.0,10.0,1.0,3.0,0.0,7807.0,98.0,44989.0,6.0,,78.44,,,11.0,Graduation,3.0,5.0
0.0,0.0,2.0,13.0,1.0,1.0,84.0,11-08-2028,,,0.0,,3.0,2.0,0.0,0.0,0.0,4.0,5.0,1.0,4.0,0.0,6710.0,68.0,58217.0,3.0,Single,87.09,3081.0,0.0,11.0,Master,3.0,2.0
1.0,0.0,3.0,13.0,8.0,1.0,49.0,,11.0,,1.0,0.0,12.0,0.0,,0.0,0.0,3.0,,0.0,3.0,0.0,3479.0,4.0,16813.0,3.0,Single,51.74,,0.0,11.0,Graduation,3.0,2.0
0.0,0.0,0.0,8.0,8.0,7.0,81.0,23-08-2028,125.0,6.0,3.0,6.0,11.0,1.0,0.0,1.0,0.0,,8.0,0.0,,0.0,564.0,746.0,,10.0,Together,100.45,3111.0,1.0,11.0,PhD,3.0,8.0
0.0,0.0,1.0,17.0,0.0,,60.0,20-11-2028,359.0,2.0,,3.0,,0.0,,0.0,0.0,10.0,89.0,0.0,4.0,1.0,6292.0,1311.0,82333.0,2.0,Married,19.87,3116.0,1.0,11.0,PhD,3.0,4.0
0.0,0.0,,144.0,24.0,1.0,99.0,03-08-2028,553.0,,3.0,5.0,188.0,0.0,0.0,1.0,0.0,4.0,0.0,2.0,2.0,1.0,4070.0,169.0,94871.0,,Married,65.53,3099.0,1.0,11.0,PhD,3.0,8.0
0.0,0.0,3.0,16.0,3.0,2.0,1.0,06-03-2028,8.0,9.0,3.0,0.0,7.0,1.0,0.0,0.0,0.0,3.0,4.0,0.0,2.0,0.0,1241.0,13.0,14796.0,7.0,Married,68.45,3114.0,1.0,11.0,2n Cycle,3.0,1.0
0.0,0.0,1.0,53.0,151.0,2.0,32.0,05-03-2028,,5.0,3.0,4.0,153.0,0.0,0.0,0.0,0.0,8.0,19.0,0.0,2.0,0.0,5117.0,63.0,32632.0,7.0,Married,39.65,3093.0,0.0,11.0,2n Cycle,3.0,4.0
0.0,,2.0,22.0,11.0,,8.0,,88.0,5.0,1.0,3.0,15.0,0.0,0.0,0.0,0.0,5.0,3.0,1.0,4.0,0.0,1497.0,268.0,,4.0,Single,,3082.0,0.0,11.0,Graduation,3.0,
,0.0,0.0,0.0,1.0,2.0,93.0,24-04-2029,11.0,4.0,5.0,0.0,0.0,,,0.0,,3.0,0.0,,2.0,,322.0,29.0,42554.0,7.0,Together,79.17,3108.0,,11.0,,3.0,2.0
0.0,0.0,3.0,101.0,12.0,,45.0,,253.0,8.0,0.0,3.0,,0.0,0.0,1.0,0.0,12.0,12.0,1.0,4.0,0.0,2561.0,977.0,,9.0,Single,46.32,,0.0,,Graduation,3.0,4.0
,0.0,3.0,172.0,189.0,,20.0,,482.0,2.0,,6.0,50.0,0.0,0.0,0.0,0.0,5.0,33.0,0.0,,0.0,6422.0,344.0,86718.0,2.0,Married,59.31,3084.0,0.0,11.0,Graduation,,5.0
0.0,,1.0,81.0,152.0,1.0,66.0,16-11-2029,335.0,2.0,1.0,4.0,93.0,0.0,0.0,0.0,0.0,,91.0,0.0,2.0,0.0,10037.0,375.0,,8.0,Single,47.0,3123.0,0.0,11.0,Graduation,3.0,5.0
0.0,0.0,1.0,62.0,71.0,3.0,72.0,28-07-2029,250.0,6.0,,,93.0,0.0,0.0,,0.0,12.0,35.0,1.0,2.0,0.0,9167.0,465.0,67131.0,5.0,Married,,3086.0,,11.0,Graduation,3.0,9.0
0.0,0.0,2.0,79.0,,1.0,90.0,08-12-2029,430.0,1.0,1.0,6.0,62.0,0.0,0.0,,0.0,4.0,63.0,0.0,3.0,1.0,5558.0,1020.0,90933.0,5.0,Single,,3084.0,0.0,,PhD,3.0,4.0
,0.0,1.0,76.0,12.0,1.0,67.0,17-04-2029,128.0,6.0,,3.0,33.0,0.0,,1.0,0.0,4.0,12.0,,2.0,0.0,3422.0,1115.0,76068.0,10.0,Married,118.48,3105.0,0.0,11.0,Graduation,3.0,
0.0,0.0,1.0,17.0,3.0,3.0,25.0,21-12-2028,43.0,8.0,3.0,0.0,,1.0,0.0,0.0,0.0,3.0,4.0,0.0,2.0,0.0,10629.0,25.0,,,Married,50.79,3103.0,0.0,11.0,2n Cycle,,3.0
0.0,0.0,3.0,53.0,42.0,12.0,4.0,24-12-2028,192.0,9.0,0.0,2.0,49.0,2.0,0.0,0.0,0.0,8.0,37.0,1.0,2.0,,8996.0,230.0,,3.0,Married,68.41,3087.0,0.0,11.0,,3.0,7.0
0.0,,1.0,39.0,6.0,1.0,51.0,01-04-2029,27.0,8.0,1.0,0.0,12.0,0.0,0.0,0.0,0.0,3.0,17.0,0.0,1.0,0.0,6673.0,28.0,23478.0,7.0,Single,,3095.0,0.0,11.0,Graduation,3.0,3.0
0.0,0.0,,2.0,1.0,1.0,22.0,31-10-2029,9.0,,5.0,0.0,2.0,0.0,0.0,0.0,0.0,3.0,0.0,1.0,,0.0,8737.0,29.0,55563.0,7.0,Divorced,114.18,,0.0,11.0,Graduation,3.0,2.0
0.0,0.0,1.0,218.0,104.0,1.0,0.0,10-02-2030,379.0,1.0,7.0,,111.0,0.0,0.0,0.0,,6.0,189.0,0.0,,0.0,1826.0,189.0,84835.0,7.0,Divorced,61.14,3100.0,1.0,11.0,Graduation,3.0,
0.0,0.0,1.0,,73.0,1.0,71.0,29-09-2029,414.0,,7.0,4.0,78.0,0.0,0.0,0.0,0.0,,48.0,0.0,6.0,0.0,6349.0,621.0,61787.0,4.0,Divorced,2.05,,0.0,11.0,Master,,8.0
0.0,,,74.0,98.0,1.0,17.0,13-09-2028,230.0,3.0,0.0,3.0,150.0,,0.0,0.0,0.0,13.0,74.0,0.0,5.0,0.0,,304.0,75278.0,2.0,Together,31.5,3082.0,0.0,11.0,Graduation,,6.0
0.0,0.0,1.0,15.0,7.0,1.0,17.0,11-03-2028,238.0,4.0,2.0,,69.0,0.0,0.0,0.0,0.0,12.0,46.0,1.0,2.0,0.0,,422.0,69389.0,10.0,Married,70.67,3107.0,0.0,,PhD,3.0,7.0
0.0,0.0,1.0,88.0,,6.0,,,68.0,7.0,3.0,2.0,38.0,1.0,0.0,0.0,0.0,6.0,0.0,1.0,3.0,0.0,4749.0,,58554.0,4.0,Together,68.52,3098.0,0.0,11.0,Graduation,3.0,8.0
,0.0,,20.0,6.0,1.0,75.0,06-01-2029,20.0,7.0,4.0,1.0,4.0,,,0.0,0.0,2.0,5.0,0.0,4.0,0.0,9974.0,15.0,,8.0,Married,23.94,3104.0,0.0,11.0,,3.0,3.0
0.0,0.0,0.0,13.0,,1.0,16.0,12-12-2029,17.0,8.0,3.0,,0.0,1.0,0.0,0.0,0.0,2.0,3.0,0.0,,0.0,9289.0,29.0,36781.0,5.0,Married,110.31,,1.0,11.0,Graduation,3.0,2.0
0.0,0.0,2.0,10.0,0.0,,70.0,,30.0,8.0,0.0,1.0,0.0,,0.0,0.0,0.0,5.0,0.0,1.0,4.0,0.0,6927.0,,44377.0,7.0,Married,47.87,3098.0,0.0,11.0,PhD,3.0,5.0
0.0,0.0,2.0,26.0,35.0,1.0,16.0,08-02-2029,,3.0,3.0,3.0,69.0,0.0,0.0,0.0,0.0,5.0,8.0,1.0,1.0,0.0,1459.0,666.0,69063.0,9.0,Married,56.83,3096.0,,11.0,,3.0,5.0
0.0,,1.0,3.0,1.0,3.0,89.0,01-09-2029,16.0,8.0,2.0,0.0,4.0,1.0,0.0,0.0,0.0,3.0,1.0,1.0,3.0,0.0,10598.0,12.0,27943.0,4.0,Together,32.24,3097.0,0.0,11.0,Graduation,3.0,2.0
0.0,0.0,1.0,135.0,28.0,13.0,88.0,15-05-2029,242.0,5.0,2.0,2.0,,1.0,0.0,0.0,0.0,12.0,114.0,,3.0,0.0,8148.0,285.0,,5.0,Together,89.47,3086.0,0.0,11.0,Master,3.0,6.0
0.0,0.0,0.0,,,1.0,96.0,27-11-2030,687.0,2.0,1.0,6.0,20.0,0.0,0.0,0.0,0.0,4.0,15.0,0.0,5.0,0.0,2939.0,751.0,79419.0,1.0,Together,5.33,3100.0,0.0,11.0,Master,3.0,4.0
0.0,0.0,2.0,13.0,3.0,,76.0,10-05-2030,22.0,9.0,0.0,0.0,21.0,2.0,0.0,0.0,0.0,3.0,1.0,0.0,0.0,0.0,4927.0,8.0,16626.0,3.0,Together,71.61,3101.0,0.0,11.0,Graduation,3.0,3.0
0.0,0.0,1.0,40.0,12.0,5.0,,08-01-2029,3.0,5.0,2.0,2.0,21.0,,0.0,0.0,0.0,3.0,,1.0,4.0,0.0,3839.0,6.0,15056.0,6.0,Single,96.82,3088.0,0.0,11.0,,3.0,2.0
0.0,0.0,1.0,28.0,,,20.0,06-07-2028,38.0,7.0,1.0,1.0,150.0,0.0,0.0,,0.0,,12.0,0.0,3.0,0.0,8652.0,84.0,37760.0,6.0,Together,119.24,3076.0,,11.0,Graduation,3.0,4.0
0.0,0.0,2.0,11.0,10.0,2.0,43.0,29-10-2029,13.0,7.0,0.0,0.0,3.0,1.0,,0.0,0.0,3.0,11.0,0.0,3.0,0.0,1143.0,7.0,22063.0,9.0,Married,88.86,3102.0,0.0,11.0,,3.0,2.0
0.0,0.0,3.0,7.0,30.0,1.0,60.0,23-08-2029,91.0,4.0,,,29.0,0.0,0.0,0.0,0.0,12.0,22.0,,3.0,0.0,6912.0,593.0,63246.0,5.0,Married,32.55,3097.0,0.0,11.0,PhD,3.0,6.0
0.0,0.0,1.0,7.0,1.0,2.0,,20-03-2029,20.0,8.0,0.0,1.0,4.0,1.0,0.0,0.0,,3.0,0.0,0.0,2.0,0.0,9706.0,62.0,31560.0,2.0,Single,,3104.0,0.0,,PhD,3.0,2.0
0.0,1.0,0.0,14.0,0.0,,1.0,26-04-2029,204.0,6.0,,9.0,38.0,0.0,0.0,0.0,0.0,,29.0,1.0,3.0,0.0,7030.0,1200.0,,5.0,Married,89.51,3085.0,0.0,11.0,PhD,3.0,11.0
1.0,0.0,3.0,12.0,,2.0,22.0,15-09-2030,6.0,7.0,,1.0,0.0,1.0,0.0,0.0,0.0,2.0,1.0,0.0,4.0,0.0,8341.0,15.0,30396.0,3.0,Married,38.32,3099.0,1.0,,PhD,3.0,1.0
0.0,0.0,2.0,89.0,17.0,1.0,56.0,18-10-2029,44.0,3.0,,5.0,34.0,0.0,0.0,0.0,0.0,3.0,22.0,,3.0,0.0,4119.0,112.0,38620.0,1.0,Together,18.74,3093.0,0.0,11.0,Master,3.0,2.0
0.0,0.0,1.0,36.0,13.0,3.0,36.0,11-11-2028,,9.0,0.0,,20.0,1.0,0.0,0.0,0.0,3.0,13.0,0.0,3.0,0.0,942.0,139.0,,2.0,Single,8.06,3112.0,1.0,11.0,Graduation,3.0,7.0
0.0,0.0,0.0,83.0,5.0,4.0,94.0,,233.0,5.0,0.0,5.0,69.0,0.0,0.0,,0.0,8.0,41.0,1.0,4.0,0.0,2134.0,263.0,53700.0,7.0,Single,110.68,3082.0,0.0,11.0,,3.0,5.0
0.0,,2.0,25.0,47.0,2.0,92.0,31-08-2028,52.0,6.0,0.0,1.0,21.0,0.0,0.0,0.0,0.0,5.0,20.0,0.0,4.0,0.0,946.0,45.0,,6.0,Together,,,0.0,11.0,2n Cycle,,3.0
0.0,0.0,1.0,54.0,28.0,1.0,,16-02-2029,282.0,1.0,0.0,8.0,184.0,0.0,0.0,0.0,0.0,6.0,54.0,0.0,4.0,0.0,11013.0,336.0,67605.0,8.0,Together,46.41,3117.0,0.0,11.0,Graduation,3.0,2.0
0.0,0.0,2.0,6.0,0.0,2.0,33.0,07-07-2029,7.0,5.0,2.0,0.0,3.0,1.0,0.0,0.0,0.0,3.0,1.0,1.0,3.0,,,11.0,30833.0,8.0,Married,,,0.0,11.0,Graduation,3.0,1.0
0.0,0.0,1.0,4.0,1.0,1.0,49.0,16-12-2029,10.0,8.0,,,0.0,1.0,0.0,0.0,1.0,2.0,1.0,0.0,4.0,0.0,3120.0,6.0,38547.0,9.0,Together,45.8,3111.0,0.0,11.0,Graduation,3.0,1.0
0.0,0.0,2.0,2.0,0.0,,64.0,26-01-2030,7.0,6.0,1.0,0.0,0.0,1.0,0.0,0.0,0.0,3.0,0.0,0.0,4.0,0.0,5756.0,46.0,,5.0,Together,58.09,3113.0,0.0,11.0,,3.0,2.0
0.0,0.0,1.0,42.0,10.0,2.0,11.0,,21.0,6.0,2.0,1.0,19.0,1.0,0.0,0.0,0.0,3.0,14.0,0.0,6.0,0.0,,,33249.0,2.0,Single,77.49,3105.0,0.0,11.0,Graduation,3.0,2.0
1.0,0.0,1.0,107.0,61.0,4.0,6.0,01-03-2029,184.0,,2.0,5.0,10.0,0.0,0.0,0.0,0.0,9.0,53.0,1.0,3.0,0.0,3498.0,462.0,55424.0,,Married,50.77,3106.0,1.0,11.0,,3.0,7.0
0.0,0.0,1.0,26.0,,2.0,87.0,14-11-2028,217.0,2.0,,3.0,85.0,0.0,0.0,0.0,0.0,13.0,6.0,1.0,2.0,0.0,550.0,243.0,62335.0,3.0,Divorced,73.84,3082.0,0.0,11.0,Graduation,3.0,3.0
,0.0,1.0,7.0,4.0,1.0,97.0,03-09-2029,10.0,8.0,,0.0,2.0,1.0,0.0,0.0,0.0,3.0,2.0,0.0,3.0,0.0,3231.0,5.0,37971.0,9.0,Married,1.71,3103.0,0.0,11.0,,3.0,1.0
0.0,0.0,2.0,15.0,,3.0,23.0,30-11-2029,27.0,6.0,0.0,1.0,10.0,0.0,0.0,0.0,0.0,7.0,0.0,1.0,3.0,0.0,,352.0,,7.0,Married,26.63,,0.0,,PhD,3.0,6.0
0.0,0.0,2.0,124.0,65.0,1.0,96.0,10-10-2029,196.0,4.0,1.0,,,0.0,0.0,0.0,0.0,7.0,71.0,1.0,4.0,0.0,1295.0,231.0,,6.0,Married,45.76,3093.0,0.0,11.0,Graduation,3.0,6.0
0.0,0.0,3.0,5.0,,2.0,42.0,16-03-2030,5.0,4.0,2.0,0.0,8.0,1.0,0.0,0.0,0.0,3.0,0.0,1.0,3.0,0.0,10839.0,6.0,36283.0,8.0,Together,28.31,,0.0,,Graduation,3.0,1.0
0.0,1.0,2.0,148.0,148.0,1.0,5.0,01-03-2029,444.0,2.0,1.0,9.0,32.0,0.0,1.0,1.0,0.0,13.0,172.0,0.0,2.0,1.0,10089.0,,102692.0,6.0,Divorced,16.99,3104.0,1.0,11.0,Graduation,3.0,6.0
0.0,0.0,0.0,,0.0,2.0,24.0,17-12-2029,10.0,8.0,1.0,1.0,3.0,1.0,0.0,0.0,0.0,2.0,1.0,1.0,4.0,0.0,6215.0,10.0,31353.0,1.0,,26.8,3107.0,1.0,,Graduation,3.0,1.0
1.0,1.0,1.0,62.0,21.0,0.0,4.0,01-12-2029,125.0,2.0,3.0,6.0,52.0,0.0,0.0,0.0,0.0,8.0,,0.0,2.0,1.0,6815.0,448.0,96547.0,3.0,Married,77.73,3110.0,1.0,11.0,2n Cycle,3.0,7.0
0.0,0.0,1.0,178.0,22.0,1.0,82.0,16-01-2029,,5.0,5.0,8.0,145.0,0.0,0.0,0.0,0.0,9.0,0.0,0.0,4.0,0.0,4475.0,,69098.0,6.0,Married,72.17,3079.0,0.0,11.0,PhD,3.0,7.0
,0.0,1.0,125.0,35.0,2.0,1.0,,179.0,5.0,1.0,2.0,0.0,0.0,0.0,0.0,0.0,8.0,,1.0,4.0,0.0,,158.0,72967.0,5.0,Divorced,55.45,3100.0,1.0,11.0,Graduation,3.0,7.0
0.0,0.0,0.0,,0.0,1.0,12.0,11-05-2029,452.0,2.0,,6.0,182.0,0.0,,0.0,0.0,4.0,64.0,0.0,2.0,0.0,5080.0,420.0,70515.0,9.0,Single,38.17,3123.0,,,,3.0,6.0
0.0,0.0,,48.0,,4.0,45.0,06-12-2028,75.0,,2.0,1.0,0.0,0.0,0.0,0.0,0.0,8.0,10.0,1.0,3.0,0.0,,443.0,50725.0,9.0,Married,102.22,3083.0,0.0,,Graduation,3.0,
1.0,1.0,0.0,63.0,21.0,1.0,7.0,06-02-2029,273.0,5.0,0.0,10.0,0.0,0.0,0.0,0.0,0.0,6.0,21.0,0.0,3.0,1.0,7872.0,179.0,86836.0,1.0,Married,63.84,3105.0,1.0,11.0,PhD,3.0,6.0
0.0,0.0,,41.0,1.0,2.0,4.0,06-10-2029,41.0,7.0,,1.0,6.0,0.0,0.0,0.0,0.0,3.0,2.0,1.0,3.0,0.0,2534.0,97.0,37716.0,5.0,,110.76,3083.0,0.0,11.0,Graduation,3.0,4.0
0.0,0.0,2.0,38.0,19.0,0.0,23.0,13-11-2029,711.0,1.0,1.0,6.0,125.0,0.0,0.0,1.0,0.0,9.0,115.0,0.0,4.0,0.0,7451.0,1000.0,98777.0,9.0,Single,53.25,,0.0,11.0,Master,3.0,4.0
,0.0,0.0,10.0,4.0,4.0,,28-05-2029,2.0,5.0,1.0,0.0,10.0,1.0,,0.0,0.0,4.0,6.0,1.0,2.0,0.0,3130.0,12.0,18701.0,10.0,Single,45.71,3094.0,0.0,11.0,Graduation,3.0,2.0
0.0,0.0,2.0,1.0,0.0,,20.0,28-11-2029,3.0,,5.0,0.0,0.0,1.0,0.0,0.0,0.0,,0.0,1.0,3.0,0.0,7196.0,9.0,41145.0,10.0,Married,17.48,,0.0,11.0,,3.0,0.0
0.0,,2.0,37.0,93.0,1.0,13.0,11-01-2030,651.0,2.0,2.0,6.0,49.0,0.0,0.0,0.0,0.0,7.0,55.0,0.0,3.0,0.0,8164.0,1023.0,82170.0,,,113.75,3108.0,0.0,11.0,PhD,,5.0
0.0,0.0,1.0,,107.0,4.0,,28-06-2029,291.0,7.0,3.0,3.0,84.0,,0.0,0.0,0.0,13.0,37.0,1.0,4.0,0.0,6312.0,258.0,65031.0,2.0,Married,,3089.0,0.0,11.0,,3.0,10.0
0.0,,,49.0,34.0,,19.0,24-08-2029,103.0,3.0,3.0,3.0,,,,0.0,0.0,10.0,29.0,1.0,5.0,,2162.0,256.0,56939.0,10.0,Married,45.24,3106.0,0.0,11.0,Graduation,,3.0
0.0,0.0,0.0,10.0,0.0,,8.0,29-09-2029,23.0,,2.0,1.0,,1.0,0.0,0.0,0.0,2.0,2.0,0.0,2.0,0.0,9986.0,16.0,19444.0,2.0,Together,112.05,3112.0,1.0,,Graduation,3.0,
0.0,0.0,1.0,12.0,11.0,2.0,16.0,19-06-2029,15.0,3.0,3.0,1.0,2.0,1.0,0.0,0.0,0.0,4.0,0.0,0.0,2.0,0.0,6507.0,,,2.0,Single,,3110.0,0.0,11.0,Graduation,3.0,1.0
0.0,1.0,0.0,34.0,,1.0,55.0,11-04-2030,536.0,,1.0,6.0,,,0.0,,0.0,6.0,51.0,0.0,,1.0,2781.0,1003.0,72066.0,3.0,Single,41.98,3111.0,1.0,11.0,Graduation,3.0,4.0
0.0,0.0,2.0,18.0,42.0,1.0,27.0,,24.0,7.0,,1.0,15.0,,0.0,0.0,0.0,4.0,20.0,0.0,5.0,0.0,4436.0,,20180.0,,Single,86.23,3106.0,0.0,11.0,,3.0,2.0
0.0,0.0,0.0,30.0,107.0,,43.0,25-08-2029,,8.0,3.0,3.0,39.0,1.0,0.0,0.0,0.0,13.0,30.0,0.0,5.0,0.0,10727.0,1181.0,69084.0,3.0,Married,,,0.0,11.0,PhD,3.0,7.0
0.0,0.0,2.0,34.0,73.0,2.0,58.0,05-01-2029,93.0,,2.0,4.0,95.0,0.0,0.0,,1.0,,78.0,1.0,3.0,0.0,7192.0,172.0,65748.0,2.0,Together,41.46,3085.0,,,Graduation,3.0,2.0
0.0,0.0,0.0,90.0,32.0,2.0,3.0,07-12-2029,348.0,2.0,1.0,2.0,76.0,0.0,0.0,0.0,0.0,12.0,32.0,1.0,2.0,0.0,,180.0,72063.0,10.0,Married,113.99,3109.0,0.0,11.0,Graduation,3.0,5.0
0.0,0.0,1.0,40.0,81.0,1.0,3.0,05-04-2030,356.0,2.0,1.0,4.0,106.0,0.0,0.0,0.0,0.0,7.0,50.0,0.0,1.0,0.0,4399.0,458.0,68695.0,8.0,Together,60.26,3099.0,0.0,11.0,Graduation,3.0,4.0
0.0,0.0,1.0,1.0,0.0,1.0,3.0,30-11-2029,1.0,7.0,5.0,0.0,,2.0,0.0,0.0,0.0,2.0,0.0,1.0,3.0,,8461.0,14.0,46102.0,8.0,Divorced,70.85,3092.0,0.0,11.0,Graduation,3.0,
0.0,0.0,0.0,20.0,2.0,1.0,68.0,12-04-2030,9.0,4.0,3.0,1.0,,1.0,0.0,0.0,0.0,2.0,6.0,0.0,1.0,0.0,8749.0,20.0,37235.0,7.0,Together,111.78,3114.0,0.0,11.0,,3.0,1.0
0.0,0.0,2.0,110.0,36.0,1.0,29.0,26-07-2029,74.0,7.0,3.0,1.0,38.0,0.0,0.0,0.0,0.0,4.0,20.0,0.0,3.0,,615.0,65.0,30507.0,5.0,Together,13.02,,0.0,,Graduation,3.0,5.0
0.0,0.0,1.0,54.0,19.0,6.0,95.0,09-10-2029,206.0,8.0,2.0,2.0,25.0,1.0,0.0,0.0,0.0,5.0,19.0,0.0,4.0,0.0,1545.0,120.0,38508.0,10.0,,100.52,3116.0,0.0,11.0,Graduation,3.0,7.0
0.0,0.0,2.0,10.0,6.0,1.0,83.0,12-04-2030,8.0,7.0,1.0,0.0,6.0,0.0,0.0,0.0,0.0,3.0,3.0,0.0,2.0,0.0,1878.0,,23148.0,5.0,Married,7.4,3115.0,0.0,,2n Cycle,3.0,2.0
,,1.0,107.0,89.0,2.0,85.0,10-01-2029,161.0,6.0,2.0,8.0,69.0,0.0,0.0,0.0,0.0,8.0,35.0,1.0,4.0,1.0,9743.0,1449.0,,1.0,Married,47.58,3085.0,0.0,11.0,Graduation,,11.0
0.0,0.0,2.0,153.0,27.0,1.0,70.0,13-07-2029,419.0,7.0,,7.0,90.0,0.0,0.0,0.0,0.0,9.0,139.0,0.0,3.0,0.0,10057.0,,72282.0,6.0,Single,41.0,3081.0,1.0,11.0,Graduation,3.0,5.0
1.0,1.0,0.0,37.0,190.0,1.0,87.0,,537.0,1.0,2.0,5.0,61.0,0.0,0.0,0.0,0.0,7.0,156.0,0.0,4.0,0.0,1137.0,398.0,81246.0,1.0,Single,40.26,3094.0,,11.0,Graduation,3.0,4.0
0.0,0.0,2.0,108.0,10.0,2.0,29.0,27-08-2028,239.0,6.0,3.0,4.0,28.0,0.0,0.0,,0.0,12.0,,,4.0,0.0,4945.0,815.0,53653.0,6.0,,68.85,,0.0,11.0,Graduation,3.0,10.0
0.0,0.0,3.0,,5.0,1.0,65.0,30-06-2029,28.0,5.0,0.0,0.0,11.0,1.0,0.0,0.0,,3.0,1.0,1.0,3.0,0.0,4887.0,10.0,55412.0,9.0,Divorced,22.85,3106.0,0.0,11.0,PhD,3.0,2.0
0.0,0.0,2.0,133.0,88.0,3.0,10.0,01-06-2029,168.0,5.0,1.0,3.0,69.0,0.0,0.0,0.0,0.0,13.0,44.0,1.0,3.0,0.0,2793.0,532.0,70179.0,8.0,Divorced,45.07,3106.0,0.0,11.0,PhD,3.0,7.0
0.0,0.0,1.0,,1.0,1.0,24.0,02-09-2029,9.0,4.0,3.0,1.0,0.0,1.0,0.0,0.0,,2.0,0.0,,3.0,0.0,7505.0,22.0,44155.0,,Married,47.87,3087.0,,,,3.0,1.0
,0.0,2.0,197.0,42.0,1.0,1.0,02-03-2030,706.0,2.0,1.0,8.0,73.0,0.0,0.0,0.0,0.0,9.0,197.0,0.0,2.0,0.0,,423.0,79529.0,10.0,Married,12.43,3116.0,0.0,11.0,Graduation,,4.0
0.0,0.0,0.0,1.0,0.0,1.0,5.0,29-12-2028,2.0,7.0,4.0,0.0,0.0,1.0,0.0,0.0,0.0,,0.0,1.0,2.0,0.0,10356.0,29.0,41437.0,10.0,Divorced,65.57,3087.0,0.0,11.0,PhD,,1.0
1.0,0.0,2.0,20.0,3.0,,,06-12-2028,,9.0,2.0,0.0,4.0,1.0,0.0,0.0,0.0,3.0,1.0,0.0,3.0,,1928.0,35.0,,2.0,Married,36.44,,0.0,,Graduation,,2.0
0.0,0.0,0.0,22.0,1.0,1.0,3.0,04-11-2029,44.0,4.0,1.0,1.0,6.0,0.0,0.0,0.0,0.0,4.0,5.0,1.0,2.0,0.0,4470.0,62.0,58646.0,7.0,Married,74.46,3092.0,0.0,,Master,3.0,2.0
0.0,0.0,,2.0,0.0,,90.0,12-02-2030,14.0,,2.0,0.0,,1.0,0.0,0.0,0.0,3.0,0.0,1.0,3.0,0.0,,29.0,38853.0,2.0,Married,56.0,3100.0,0.0,,PhD,3.0,2.0
0.0,0.0,2.0,24.0,0.0,1.0,19.0,28-07-2030,39.0,5.0,3.0,1.0,,0.0,0.0,0.0,0.0,8.0,4.0,1.0,4.0,0.0,5512.0,451.0,55842.0,,Married,15.91,3107.0,0.0,11.0,Master,3.0,7.0
0.0,1.0,2.0,207.0,181.0,0.0,36.0,17-11-2028,104.0,3.0,5.0,,202.0,0.0,0.0,0.0,0.0,,21.0,0.0,3.0,1.0,4611.0,1009.0,105471.0,10.0,Together,99.89,3100.0,1.0,11.0,Graduation,3.0,9.0
0.0,0.0,,0.0,0.0,1.0,71.0,23-02-2029,4.0,8.0,3.0,0.0,,,0.0,0.0,0.0,2.0,0.0,1.0,,0.0,5062.0,35.0,54072.0,6.0,,50.14,3093.0,0.0,11.0,PhD,,2.0
0.0,,,11.0,80.0,5.0,63.0,15-01-2029,217.0,6.0,1.0,6.0,29.0,0.0,,0.0,0.0,12.0,80.0,1.0,2.0,0.0,6661.0,757.0,67445.0,9.0,Married,81.94,3104.0,0.0,11.0,Graduation,3.0,9.0
0.0,0.0,1.0,1.0,0.0,2.0,43.0,04-12-2029,,,1.0,0.0,2.0,1.0,0.0,0.0,0.0,3.0,1.0,0.0,3.0,0.0,4329.0,6.0,18988.0,1.0,Married,37.81,3114.0,0.0,11.0,PhD,3.0,1.0
0.0,0.0,1.0,1.0,0.0,1.0,45.0,,8.0,,2.0,0.0,2.0,1.0,0.0,0.0,0.0,2.0,,1.0,2.0,0.0,9235.0,7.0,,1.0,Single,13.55,3087.0,0.0,11.0,,3.0,1.0
0.0,0.0,1.0,17.0,6.0,3.0,11.0,25-04-2029,15.0,5.0,1.0,1.0,12.0,1.0,0.0,0.0,0.0,3.0,8.0,1.0,3.0,0.0,1419.0,,34026.0,4.0,Together,38.21,3080.0,0.0,11.0,Graduation,3.0,2.0
0.0,0.0,1.0,35.0,17.0,5.0,37.0,25-06-2029,151.0,2.0,2.0,6.0,0.0,0.0,0.0,0.0,0.0,12.0,8.0,1.0,3.0,0.0,4339.0,702.0,67353.0,9.0,Married,15.75,3100.0,,11.0,PhD,,5.0
1.0,0.0,1.0,32.0,0.0,5.0,19.0,,12.0,9.0,1.0,1.0,13.0,1.0,0.0,0.0,0.0,2.0,7.0,0.0,3.0,0.0,,7.0,7500.0,1.0,,91.47,3106.0,1.0,11.0,,3.0,4.0
0.0,,3.0,3.0,3.0,2.0,14.0,,19.0,7.0,4.0,0.0,3.0,1.0,0.0,0.0,0.0,3.0,1.0,0.0,4.0,0.0,5929.0,19.0,37401.0,4.0,Married,78.04,3103.0,0.0,11.0,PhD,3.0,2.0
0.0,0.0,3.0,117.0,2.0,1.0,,01-03-2029,101.0,4.0,1.0,5.0,64.0,,0.0,0.0,0.0,3.0,26.0,0.0,3.0,0.0,4552.0,83.0,51373.0,5.0,Married,,3121.0,0.0,11.0,,3.0,3.0
0.0,0.0,3.0,22.0,,1.0,94.0,27-10-2029,9.0,4.0,,,2.0,0.0,0.0,0.0,0.0,3.0,5.0,0.0,4.0,0.0,4179.0,8.0,24221.0,5.0,,48.72,3089.0,0.0,11.0,Graduation,3.0,1.0
0.0,0.0,2.0,41.0,28.0,,45.0,08-07-2030,39.0,2.0,2.0,,16.0,0.0,0.0,0.0,0.0,5.0,30.0,0.0,2.0,0.0,10341.0,68.0,,8.0,Together,27.5,3078.0,0.0,,Graduation,3.0,
,0.0,1.0,26.0,53.0,4.0,50.0,26-08-2028,221.0,4.0,1.0,3.0,58.0,0.0,0.0,0.0,0.0,6.0,150.0,1.0,2.0,0.0,,407.0,53858.0,9.0,Married,,3106.0,0.0,11.0,Graduation,3.0,4.0
0.0,0.0,2.0,57.0,14.0,1.0,54.0,,49.0,5.0,6.0,2.0,0.0,0.0,0.0,0.0,0.0,9.0,7.0,1.0,3.0,0.0,9958.0,642.0,65685.0,6.0,Married,,3102.0,0.0,,Graduation,3.0,9.0
0.0,0.0,2.0,,,,53.0,10-04-2029,25.0,7.0,3.0,0.0,3.0,0.0,0.0,0.0,,4.0,2.0,1.0,3.0,0.0,945.0,87.0,36317.0,6.0,Together,,3095.0,0.0,11.0,Graduation,3.0,3.0
0.0,0.0,,1.0,0.0,1.0,53.0,24-06-2030,3.0,,2.0,0.0,0.0,1.0,0.0,0.0,0.0,3.0,0.0,,0.0,0.0,7788.0,6.0,23536.0,7.0,Married,98.79,3113.0,0.0,11.0,PhD,,0.0
0.0,0.0,1.0,30.0,2.0,5.0,74.0,09-12-2029,99.0,8.0,3.0,1.0,7.0,1.0,,,0.0,4.0,,2.0,4.0,0.0,5956.0,144.0,45072.0,9.0,Divorced,29.33,3078.0,0.0,11.0,PhD,3.0,
0.0,0.0,2.0,,68.0,1.0,26.0,08-11-2029,103.0,1.0,3.0,4.0,,0.0,,1.0,,8.0,91.0,0.0,2.0,1.0,1361.0,1076.0,82584.0,7.0,Married,37.17,3104.0,1.0,11.0,Master,3.0,3.0
0.0,0.0,,68.0,68.0,1.0,12.0,25-09-2029,569.0,1.0,2.0,9.0,,0.0,0.0,0.0,0.0,12.0,45.0,0.0,,0.0,1446.0,387.0,86424.0,4.0,,88.27,3086.0,0.0,11.0,Master,3.0,6.0
0.0,0.0,2.0,12.0,38.0,1.0,20.0,04-11-2029,319.0,2.0,2.0,5.0,16.0,0.0,0.0,0.0,0.0,10.0,25.0,0.0,2.0,0.0,4322.0,881.0,77863.0,7.0,,103.6,3088.0,0.0,11.0,PhD,3.0,4.0
0.0,0.0,,25.0,,1.0,99.0,14-07-2029,8.0,5.0,3.0,1.0,7.0,,,,1.0,2.0,4.0,0.0,3.0,0.0,7829.0,15.0,36640.0,8.0,Divorced,51.62,3030.0,0.0,11.0,2n Cycle,3.0,2.0
0.0,,1.0,82.0,16.0,5.0,21.0,20-04-2029,165.0,5.0,3.0,5.0,0.0,0.0,,0.0,0.0,12.0,24.0,1.0,5.0,0.0,10128.0,620.0,53977.0,10.0,Together,83.76,3088.0,0.0,11.0,Graduation,,5.0
0.0,0.0,2.0,205.0,115.0,1.0,57.0,21-06-2029,243.0,3.0,0.0,5.0,150.0,0.0,0.0,0.0,,6.0,0.0,,3.0,0.0,1915.0,794.0,78939.0,4.0,Married,3.32,3081.0,,,PhD,,8.0
0.0,0.0,2.0,80.0,93.0,1.0,56.0,15-11-2029,374.0,3.0,2.0,6.0,,0.0,0.0,0.0,0.0,6.0,80.0,0.0,3.0,0.0,7723.0,709.0,75507.0,5.0,Together,27.03,3109.0,0.0,11.0,Graduation,,8.0
1.0,0.0,0.0,1.0,0.0,1.0,16.0,18-10-2030,3.0,8.0,3.0,0.0,0.0,1.0,0.0,0.0,,2.0,0.0,1.0,,0.0,9725.0,8.0,28764.0,3.0,,,3096.0,0.0,11.0,PhD,3.0,1.0
0.0,,1.0,19.0,59.0,1.0,89.0,,968.0,2.0,4.0,3.0,51.0,0.0,0.0,0.0,0.0,12.0,79.0,0.0,5.0,1.0,3104.0,830.0,82332.0,10.0,Single,63.77,,1.0,11.0,Graduation,3.0,5.0
0.0,0.0,3.0,1.0,0.0,2.0,21.0,01-07-2030,9.0,4.0,1.0,0.0,0.0,1.0,0.0,0.0,0.0,4.0,0.0,1.0,2.0,0.0,9150.0,52.0,48918.0,5.0,Single,75.93,3093.0,0.0,11.0,PhD,3.0,1.0
1.0,0.0,2.0,47.0,43.0,4.0,,24-09-2028,219.0,9.0,1.0,3.0,,0.0,0.0,0.0,0.0,13.0,14.0,1.0,3.0,0.0,6050.0,1171.0,57036.0,1.0,Married,,3105.0,0.0,11.0,2n Cycle,3.0,6.0
0.0,0.0,3.0,42.0,0.0,4.0,,06-03-2029,70.0,4.0,3.0,4.0,37.0,0.0,0.0,1.0,0.0,10.0,14.0,,3.0,1.0,8732.0,1298.0,,2.0,Widow,70.12,3099.0,1.0,,Master,3.0,7.0
,,,175.0,73.0,1.0,95.0,18-05-2030,351.0,5.0,5.0,,56.0,0.0,0.0,0.0,0.0,6.0,14.0,,2.0,0.0,2532.0,982.0,73454.0,5.0,Single,,3117.0,0.0,11.0,Master,3.0,2.0
0.0,1.0,,133.0,50.0,3.0,93.0,23-07-2028,500.0,8.0,0.0,5.0,65.0,0.0,0.0,1.0,0.0,5.0,50.0,1.0,3.0,0.0,5831.0,1017.0,77870.0,,Married,11.02,3097.0,1.0,11.0,Graduation,3.0,5.0
0.0,0.0,0.0,9.0,2.0,1.0,71.0,15-10-2029,25.0,2.0,1.0,1.0,,0.0,0.0,,0.0,4.0,1.0,,2.0,0.0,4725.0,30.0,50616.0,3.0,Together,107.69,3080.0,0.0,11.0,PhD,,1.0
0.0,0.0,,12.0,0.0,2.0,59.0,14-02-2029,46.0,8.0,2.0,1.0,,0.0,0.0,0.0,0.0,5.0,2.0,0.0,2.0,0.0,164.0,206.0,28973.0,4.0,Married,57.65,3107.0,0.0,11.0,PhD,3.0,5.0
0.0,0.0,0.0,,0.0,,46.0,08-12-2029,4.0,7.0,2.0,0.0,0.0,1.0,0.0,0.0,0.0,3.0,0.0,0.0,3.0,0.0,2936.0,18.0,23661.0,7.0,Together,,,0.0,11.0,Master,3.0,1.0
0.0,0.0,,19.0,5.0,3.0,72.0,07-09-2029,19.0,5.0,5.0,0.0,0.0,1.0,0.0,0.0,,,4.0,1.0,4.0,0.0,2918.0,44.0,28510.0,2.0,Divorced,94.42,3111.0,0.0,11.0,Graduation,3.0,2.0
0.0,0.0,0.0,7.0,14.0,4.0,76.0,08-06-2028,28.0,9.0,2.0,0.0,16.0,1.0,0.0,,0.0,3.0,,0.0,3.0,0.0,11121.0,2.0,19419.0,3.0,Married,6.68,3111.0,0.0,11.0,Graduation,3.0,4.0
0.0,0.0,1.0,15.0,,1.0,14.0,25-11-2028,,2.0,4.0,10.0,140.0,0.0,0.0,0.0,,9.0,76.0,0.0,4.0,0.0,6982.0,783.0,74068.0,,,,3106.0,0.0,11.0,Graduation,3.0,4.0
0.0,0.0,0.0,17.0,19.0,,,16-07-2029,9.0,,4.0,0.0,28.0,1.0,0.0,0.0,0.0,4.0,25.0,0.0,3.0,0.0,4669.0,,24480.0,6.0,Married,100.47,3111.0,0.0,11.0,Basic,3.0,
0.0,0.0,0.0,1.0,5.0,1.0,11.0,03-10-2029,6.0,7.0,0.0,0.0,0.0,1.0,0.0,0.0,0.0,2.0,2.0,0.0,2.0,0.0,1994.0,5.0,,4.0,Married,113.54,3113.0,0.0,11.0,Graduation,,1.0
0.0,0.0,1.0,5.0,4.0,1.0,94.0,18-03-2029,,5.0,0.0,0.0,2.0,1.0,0.0,0.0,0.0,3.0,0.0,0.0,,0.0,2292.0,5.0,22327.0,10.0,Single,32.32,3115.0,0.0,11.0,Graduation,3.0,1.0
0.0,0.0,1.0,45.0,0.0,1.0,,09-08-2029,505.0,2.0,1.0,9.0,99.0,0.0,0.0,0.0,0.0,10.0,30.0,0.0,3.0,0.0,4500.0,,68682.0,5.0,Together,64.19,,0.0,11.0,PhD,,
0.0,0.0,1.0,6.0,3.0,2.0,57.0,08-06-2029,22.0,6.0,3.0,0.0,2.0,1.0,0.0,0.0,0.0,3.0,2.0,0.0,3.0,0.0,,11.0,,6.0,Single,112.78,3112.0,0.0,11.0,Graduation,3.0,
0.0,0.0,1.0,30.0,,1.0,1.0,14-12-2028,816.0,3.0,2.0,5.0,20.0,0.0,0.0,,0.0,4.0,,0.0,4.0,0.0,9595.0,539.0,64260.0,6.0,Together,118.44,3091.0,1.0,11.0,Graduation,3.0,
0.0,,2.0,6.0,0.0,1.0,49.0,24-10-2029,7.0,5.0,5.0,0.0,2.0,,0.0,0.0,0.0,3.0,0.0,1.0,5.0,0.0,10160.0,31.0,50943.0,,,12.48,3086.0,0.0,11.0,Master,3.0,1.0
0.0,0.0,0.0,22.0,9.0,3.0,46.0,31-10-2029,,8.0,0.0,0.0,11.0,1.0,0.0,0.0,0.0,3.0,3.0,,4.0,0.0,3665.0,1.0,25315.0,6.0,Together,31.84,3107.0,0.0,11.0,2n Cycle,3.0,
0.0,0.0,,4.0,1.0,2.0,13.0,,18.0,7.0,4.0,0.0,3.0,,0.0,0.0,0.0,3.0,0.0,,3.0,0.0,6431.0,42.0,45759.0,7.0,Married,90.7,3094.0,0.0,11.0,PhD,3.0,2.0
0.0,0.0,1.0,89.0,12.0,,48.0,19-11-2028,385.0,4.0,1.0,7.0,33.0,0.0,0.0,0.0,0.0,13.0,89.0,0.0,4.0,,5396.0,758.0,68487.0,4.0,Married,73.83,3118.0,0.0,11.0,Graduation,3.0,9.0
,0.0,1.0,80.0,26.0,1.0,12.0,20-09-2029,538.0,,2.0,6.0,69.0,0.0,0.0,1.0,0.0,11.0,13.0,0.0,,1.0,6853.0,712.0,75777.0,4.0,Single,86.2,3112.0,1.0,11.0,Master,3.0,3.0
0.0,0.0,2.0,21.0,0.0,1.0,28.0,05-05-2030,16.0,8.0,4.0,0.0,7.0,1.0,0.0,0.0,0.0,3.0,6.0,0.0,3.0,0.0,4444.0,11.0,30023.0,3.0,Married,42.14,3102.0,0.0,11.0,Graduation,3.0,2.0
0.0,0.0,2.0,4.0,0.0,1.0,91.0,30-05-2030,7.0,8.0,0.0,1.0,2.0,,0.0,0.0,0.0,2.0,0.0,0.0,,0.0,451.0,9.0,9255.0,2.0,,56.22,3119.0,0.0,11.0,Graduation,3.0,
0.0,0.0,1.0,2.0,5.0,,63.0,20-10-2029,33.0,4.0,,,7.0,,0.0,1.0,0.0,,0.0,0.0,3.0,0.0,3712.0,212.0,52332.0,4.0,Divorced,6.71,3089.0,0.0,11.0,Graduation,3.0,3.0
0.0,0.0,1.0,4.0,4.0,1.0,37.0,31-07-2030,5.0,3.0,,0.0,6.0,0.0,0.0,,0.0,,0.0,0.0,3.0,,9617.0,0.0,15033.0,1.0,,,3081.0,0.0,11.0,Graduation,3.0,1.0
1.0,0.0,1.0,67.0,27.0,1.0,56.0,03-03-2028,590.0,6.0,4.0,10.0,38.0,0.0,0.0,0.0,1.0,12.0,107.0,0.0,2.0,1.0,4427.0,536.0,83257.0,9.0,Single,57.37,3125.0,1.0,11.0,2n Cycle,3.0,5.0
0.0,0.0,1.0,32.0,1.0,4.0,,06-11-2028,42.0,8.0,1.0,1.0,12.0,1.0,0.0,0.0,0.0,4.0,3.0,1.0,3.0,0.0,7414.0,96.0,43824.0,2.0,Married,61.96,3101.0,,,Graduation,3.0,3.0
0.0,1.0,0.0,35.0,0.0,,45.0,,447.0,8.0,2.0,5.0,23.0,0.0,,0.0,0.0,,71.0,,5.0,,1204.0,1253.0,67536.0,1.0,Married,119.31,3100.0,0.0,11.0,PhD,3.0,11.0
0.0,,5.0,31.0,35.0,3.0,29.0,01-08-2029,75.0,5.0,1.0,1.0,63.0,0.0,0.0,0.0,0.0,,57.0,1.0,,0.0,6357.0,230.0,59052.0,,Divorced,80.67,,0.0,11.0,2n Cycle,3.0,7.0
0.0,0.0,3.0,20.0,12.0,,5.0,18-05-2029,12.0,6.0,2.0,0.0,25.0,0.0,0.0,0.0,0.0,3.0,1.0,0.0,4.0,0.0,6365.0,10.0,30390.0,3.0,Married,54.14,3117.0,0.0,,,3.0,2.0
0.0,0.0,1.0,,22.0,4.0,93.0,30-11-2028,39.0,5.0,0.0,2.0,6.0,0.0,0.0,0.0,0.0,7.0,0.0,1.0,2.0,0.0,8970.0,,62010.0,5.0,Married,79.17,,0.0,,PhD,3.0,6.0
0.0,0.0,1.0,24.0,1.0,1.0,,07-07-2029,15.0,7.0,3.0,0.0,2.0,0.0,0.0,0.0,0.0,4.0,0.0,1.0,1.0,0.0,1158.0,102.0,48877.0,2.0,Divorced,22.1,3096.0,,11.0,,,3.0
1.0,0.0,1.0,27.0,7.0,2.0,36.0,19-10-2028,12.0,5.0,0.0,1.0,2.0,1.0,0.0,0.0,,2.0,2.0,0.0,4.0,0.0,,11.0,22518.0,10.0,Married,22.58,3116.0,1.0,11.0,Graduation,3.0,
,0.0,2.0,6.0,0.0,1.0,96.0,,7.0,5.0,3.0,1.0,0.0,,0.0,0.0,0.0,4.0,0.0,0.0,4.0,0.0,6663.0,144.0,,9.0,Single,92.23,3070.0,0.0,11.0,PhD,3.0,
0.0,0.0,2.0,38.0,14.0,1.0,56.0,,64.0,7.0,1.0,,2.0,0.0,0.0,0.0,0.0,3.0,9.0,,2.0,0.0,10420.0,95.0,46390.0,8.0,Divorced,67.75,3085.0,0.0,11.0,Master,,4.0
0.0,0.0,1.0,41.0,80.0,1.0,71.0,,369.0,,1.0,3.0,67.0,0.0,0.0,0.0,0.0,8.0,39.0,0.0,2.0,0.0,10245.0,160.0,,1.0,Single,115.71,3116.0,0.0,11.0,2n Cycle,3.0,3.0
0.0,0.0,2.0,,35.0,1.0,71.0,22-03-2030,179.0,2.0,3.0,3.0,28.0,0.0,0.0,1.0,,12.0,7.0,0.0,2.0,0.0,7005.0,479.0,58684.0,4.0,Single,51.73,3111.0,0.0,11.0,Graduation,3.0,5.0
0.0,,3.0,28.0,1.0,2.0,96.0,12-09-2030,20.0,,0.0,0.0,16.0,1.0,0.0,0.0,0.0,,14.0,0.0,3.0,0.0,10500.0,19.0,31761.0,4.0,Married,59.95,3114.0,0.0,11.0,Graduation,3.0,3.0
0.0,0.0,,77.0,64.0,2.0,74.0,02-09-2028,179.0,5.0,,4.0,133.0,0.0,0.0,0.0,,6.0,12.0,,3.0,0.0,9265.0,925.0,75027.0,8.0,Married,11.5,3083.0,0.0,11.0,Graduation,3.0,9.0
0.0,0.0,2.0,20.0,0.0,4.0,9.0,08-01-2029,46.0,8.0,2.0,1.0,4.0,1.0,0.0,0.0,0.0,3.0,3.0,1.0,2.0,0.0,11025.0,65.0,36443.0,5.0,Married,19.68,,0.0,11.0,Graduation,3.0,3.0
0.0,0.0,4.0,6.0,0.0,2.0,17.0,07-05-2030,,5.0,2.0,1.0,,1.0,,0.0,0.0,3.0,0.0,1.0,5.0,0.0,1880.0,81.0,53537.0,1.0,Together,36.15,3089.0,0.0,11.0,PhD,3.0,
0.0,,2.0,,73.0,0.0,72.0,,747.0,1.0,6.0,5.0,76.0,,0.0,0.0,,12.0,161.0,,3.0,0.0,,410.0,91820.0,,Together,103.66,3116.0,0.0,,PhD,3.0,5.0
0.0,0.0,2.0,88.0,88.0,3.0,58.0,25-01-2029,546.0,7.0,1.0,10.0,172.0,,0.0,0.0,,4.0,88.0,0.0,3.0,0.0,,635.0,58138.0,7.0,,102.56,3087.0,1.0,11.0,Graduation,3.0,
0.0,0.0,1.0,18.0,74.0,,35.0,17-08-2028,114.0,,1.0,10.0,169.0,0.0,0.0,0.0,0.0,13.0,37.0,,2.0,,2426.0,483.0,78825.0,,,3.26,3094.0,1.0,11.0,PhD,3.0,5.0
0.0,0.0,1.0,30.0,40.0,2.0,59.0,21-05-2029,,6.0,2.0,3.0,52.0,0.0,0.0,0.0,0.0,13.0,20.0,0.0,2.0,0.0,1453.0,735.0,57513.0,4.0,Widow,36.28,3073.0,0.0,11.0,PhD,3.0,9.0
0.0,0.0,1.0,13.0,26.0,1.0,41.0,20-10-2029,,1.0,1.0,6.0,17.0,0.0,0.0,1.0,0.0,,26.0,0.0,2.0,1.0,4331.0,913.0,,10.0,Together,58.66,3108.0,0.0,11.0,Master,3.0,3.0
0.0,0.0,3.0,,3.0,1.0,74.0,09-03-2029,,8.0,3.0,2.0,19.0,0.0,0.0,0.0,0.0,2.0,21.0,0.0,4.0,0.0,3855.0,30.0,22419.0,6.0,Married,106.6,3093.0,0.0,11.0,Graduation,3.0,3.0
0.0,,2.0,99.0,28.0,3.0,83.0,17-10-2028,135.0,5.0,2.0,,10.0,0.0,0.0,0.0,0.0,12.0,21.0,1.0,3.0,0.0,2453.0,526.0,62807.0,6.0,Together,50.64,3090.0,0.0,11.0,,3.0,
1.0,0.0,0.0,,1.0,1.0,52.0,18-05-2029,6.0,,1.0,1.0,3.0,1.0,0.0,0.0,0.0,2.0,1.0,0.0,2.0,0.0,2557.0,7.0,29548.0,4.0,Single,79.8,3100.0,0.0,11.0,Master,3.0,1.0
0.0,0.0,3.0,115.0,28.0,3.0,98.0,08-08-2028,217.0,,3.0,1.0,10.0,0.0,0.0,0.0,0.0,6.0,24.0,0.0,0.0,0.0,5871.0,73.0,24401.0,9.0,Together,20.51,3109.0,0.0,11.0,Master,3.0,6.0
0.0,0.0,3.0,,0.0,2.0,63.0,31-10-2029,2.0,5.0,1.0,0.0,0.0,0.0,0.0,0.0,0.0,,0.0,1.0,2.0,0.0,5823.0,,32303.0,5.0,Single,97.1,3100.0,0.0,11.0,PhD,3.0,
0.0,0.0,1.0,56.0,21.0,3.0,83.0,13-08-2028,176.0,6.0,3.0,2.0,19.0,0.0,0.0,0.0,0.0,,21.0,1.0,,0.0,3807.0,473.0,59925.0,4.0,Together,76.83,,0.0,11.0,Graduation,3.0,9.0
0.0,0.0,1.0,41.0,5.0,1.0,73.0,14-12-2029,28.0,5.0,0.0,1.0,7.0,,0.0,,0.0,6.0,7.0,1.0,1.0,0.0,4252.0,213.0,44375.0,9.0,Married,105.08,3095.0,0.0,11.0,Graduation,3.0,4.0
0.0,0.0,1.0,6.0,3.0,1.0,26.0,25-02-2029,4.0,8.0,2.0,0.0,2.0,1.0,0.0,0.0,0.0,2.0,2.0,0.0,4.0,0.0,1940.0,1.0,25252.0,9.0,Married,,3116.0,0.0,,Graduation,3.0,1.0
0.0,0.0,2.0,61.0,163.0,1.0,87.0,16-07-2028,818.0,2.0,4.0,7.0,212.0,0.0,0.0,1.0,0.0,10.0,163.0,0.0,4.0,,7274.0,736.0,78618.0,4.0,,68.3,3087.0,0.0,11.0,Graduation,3.0,4.0
0.0,,0.0,2.0,3.0,2.0,67.0,20-11-2029,4.0,3.0,3.0,0.0,2.0,1.0,0.0,0.0,0.0,3.0,0.0,1.0,4.0,0.0,916.0,20.0,,4.0,Single,100.99,3102.0,0.0,11.0,PhD,3.0,1.0
0.0,0.0,2.0,,21.0,2.0,29.0,22-10-2029,43.0,6.0,1.0,1.0,25.0,0.0,0.0,0.0,0.0,6.0,10.0,1.0,4.0,0.0,3578.0,122.0,49160.0,5.0,Divorced,52.4,3079.0,0.0,11.0,Graduation,3.0,3.0
0.0,0.0,1.0,55.0,92.0,1.0,78.0,25-05-2030,408.0,1.0,3.0,6.0,72.0,0.0,,0.0,,7.0,129.0,0.0,3.0,1.0,6036.0,1168.0,89120.0,4.0,Together,64.81,3089.0,0.0,11.0,Master,3.0,5.0
0.0,0.0,2.0,5.0,0.0,2.0,52.0,11-05-2030,6.0,4.0,0.0,0.0,2.0,1.0,0.0,0.0,0.0,4.0,1.0,1.0,4.0,0.0,5247.0,,38725.0,,Married,95.42,3085.0,0.0,11.0,PhD,3.0,
0.0,,1.0,45.0,22.0,1.0,23.0,31-05-2028,115.0,3.0,2.0,6.0,59.0,,0.0,,0.0,12.0,68.0,0.0,4.0,1.0,4261.0,1006.0,82800.0,,Single,68.67,3076.0,1.0,11.0,,3.0,7.0
0.0,1.0,0.0,8.0,0.0,,56.0,08-12-2029,30.0,7.0,2.0,2.0,0.0,2.0,0.0,0.0,0.0,5.0,,1.0,3.0,0.0,4001.0,406.0,64014.0,4.0,Together,100.42,3076.0,0.0,11.0,PhD,3.0,8.0
0.0,0.0,2.0,23.0,2.0,2.0,0.0,13-08-2029,,4.0,1.0,1.0,,1.0,0.0,0.0,,3.0,,0.0,3.0,0.0,10470.0,40.0,40662.0,9.0,Married,54.6,3109.0,0.0,11.0,Master,3.0,2.0
0.0,0.0,,8.0,0.0,3.0,,07-03-2029,16.0,,0.0,0.0,0.0,1.0,0.0,,0.0,4.0,0.0,1.0,5.0,0.0,,68.0,46423.0,1.0,Single,82.87,,0.0,11.0,Master,3.0,2.0
0.0,,1.0,99.0,66.0,1.0,35.0,08-02-2029,549.0,3.0,2.0,6.0,216.0,0.0,,0.0,0.0,4.0,66.0,0.0,4.0,0.0,590.0,816.0,78579.0,6.0,Divorced,68.75,3100.0,1.0,11.0,Master,3.0,5.0
0.0,0.0,2.0,7.0,1.0,1.0,,10-09-2029,,7.0,0.0,0.0,4.0,1.0,0.0,0.0,0.0,3.0,5.0,0.0,2.0,,2814.0,9.0,30560.0,,Together,9.31,3106.0,0.0,11.0,Master,3.0,1.0
1.0,0.0,2.0,48.0,,1.0,77.0,19-03-2030,12.0,4.0,1.0,2.0,0.0,0.0,,0.0,0.0,2.0,0.0,1.0,,0.0,641.0,59.0,52074.0,,Single,34.2,3097.0,0.0,11.0,Graduation,3.0,2.0
0.0,0.0,,145.0,,1.0,94.0,17-01-2029,,6.0,1.0,,7.0,0.0,0.0,0.0,0.0,7.0,5.0,0.0,2.0,0.0,,351.0,48789.0,,Single,117.91,,0.0,11.0,Graduation,3.0,6.0
,,0.0,33.0,137.0,1.0,42.0,20-04-2030,792.0,1.0,4.0,7.0,179.0,0.0,0.0,1.0,0.0,,103.0,0.0,4.0,1.0,1340.0,551.0,92910.0,6.0,Married,74.36,3116.0,0.0,11.0,Graduation,3.0,
0.0,0.0,1.0,58.0,14.0,8.0,46.0,,156.0,8.0,5.0,2.0,82.0,1.0,,,0.0,5.0,24.0,1.0,2.0,0.0,8825.0,230.0,51195.0,2.0,Together,29.1,3092.0,0.0,11.0,Graduation,3.0,9.0
0.0,0.0,2.0,14.0,14.0,2.0,71.0,06-04-2029,68.0,3.0,2.0,5.0,19.0,0.0,0.0,0.0,0.0,8.0,14.0,1.0,3.0,0.0,8780.0,378.0,59292.0,7.0,Together,42.75,3080.0,0.0,11.0,PhD,3.0,3.0
0.0,0.0,3.0,6.0,1.0,1.0,46.0,,2.0,6.0,2.0,0.0,2.0,1.0,,,0.0,3.0,1.0,1.0,1.0,0.0,4102.0,,37284.0,5.0,Married,27.48,3105.0,0.0,11.0,2n Cycle,,0.0
0.0,0.0,4.0,2.0,18.0,15.0,62.0,05-09-2028,66.0,19.0,,1.0,7.0,0.0,0.0,0.0,0.0,0.0,12.0,0.0,2.0,0.0,10749.0,73.0,8028.0,4.0,Single,78.74,3121.0,0.0,11.0,Graduation,3.0,0.0
0.0,,0.0,23.0,0.0,5.0,51.0,,33.0,8.0,1.0,1.0,3.0,1.0,0.0,,0.0,5.0,0.0,1.0,2.0,0.0,5290.0,220.0,41551.0,2.0,Married,22.23,3094.0,0.0,11.0,PhD,,5.0
0.0,1.0,,17.0,8.0,1.0,72.0,18-11-2030,232.0,1.0,2.0,3.0,23.0,0.0,,0.0,0.0,6.0,62.0,0.0,3.0,0.0,8093.0,572.0,79734.0,,Married,25.58,3099.0,0.0,11.0,Master,3.0,4.0
0.0,0.0,0.0,16.0,2.0,3.0,26.0,25-09-2028,11.0,8.0,3.0,0.0,4.0,0.0,0.0,0.0,0.0,4.0,0.0,,3.0,0.0,7532.0,,,5.0,Married,,3110.0,0.0,11.0,Graduation,3.0,3.0
0.0,,3.0,30.0,7.0,7.0,58.0,12-05-2030,92.0,6.0,1.0,4.0,0.0,0.0,0.0,1.0,0.0,8.0,15.0,1.0,5.0,1.0,5136.0,654.0,65333.0,9.0,Single,24.17,3103.0,0.0,11.0,Graduation,3.0,9.0
0.0,0.0,1.0,142.0,8.0,4.0,46.0,,158.0,8.0,0.0,6.0,21.0,0.0,0.0,0.0,0.0,5.0,0.0,1.0,1.0,0.0,6295.0,652.0,54233.0,3.0,Married,25.58,,0.0,,Graduation,3.0,
0.0,0.0,3.0,8.0,16.0,1.0,80.0,24-06-2030,106.0,3.0,4.0,3.0,32.0,0.0,0.0,0.0,0.0,12.0,16.0,,4.0,,6999.0,656.0,,,,106.84,3110.0,0.0,11.0,Master,,
0.0,1.0,2.0,203.0,114.0,1.0,52.0,30-11-2029,445.0,1.0,2.0,7.0,181.0,0.0,0.0,0.0,0.0,9.0,165.0,0.0,3.0,0.0,1399.0,407.0,72905.0,,Married,3.91,3088.0,0.0,11.0,Graduation,3.0,3.0
0.0,0.0,,7.0,3.0,1.0,81.0,01-12-2029,,5.0,0.0,,2.0,0.0,,0.0,0.0,4.0,5.0,,1.0,,7698.0,152.0,51650.0,7.0,Married,53.82,3106.0,0.0,11.0,PhD,3.0,4.0
0.0,0.0,1.0,17.0,3.0,2.0,45.0,19-07-2029,8.0,,3.0,0.0,8.0,1.0,0.0,0.0,0.0,3.0,0.0,0.0,3.0,0.0,8812.0,12.0,13533.0,6.0,Divorced,114.51,,,,2n Cycle,3.0,2.0
,0.0,3.0,5.0,0.0,1.0,31.0,03-09-2028,6.0,9.0,5.0,0.0,4.0,1.0,0.0,0.0,0.0,2.0,1.0,0.0,3.0,0.0,9396.0,9.0,37717.0,,Married,28.83,3108.0,0.0,11.0,PhD,3.0,1.0
0.0,0.0,,0.0,20.0,3.0,,15-07-2029,,3.0,3.0,6.0,13.0,0.0,0.0,0.0,0.0,5.0,30.0,0.0,3.0,0.0,9185.0,452.0,,,Single,99.95,3096.0,1.0,11.0,PhD,3.0,4.0
0.0,0.0,1.0,,11.0,3.0,77.0,30-03-2030,10.0,6.0,3.0,1.0,,1.0,0.0,0.0,0.0,3.0,12.0,0.0,5.0,0.0,3559.0,12.0,,5.0,Married,43.63,3118.0,0.0,11.0,2n Cycle,3.0,2.0
0.0,0.0,2.0,70.0,46.0,2.0,96.0,03-03-2029,288.0,3.0,4.0,5.0,20.0,0.0,0.0,0.0,0.0,10.0,38.0,1.0,1.0,0.0,8952.0,397.0,,5.0,Married,18.47,3083.0,0.0,,Master,3.0,6.0
0.0,,2.0,4.0,1.0,2.0,13.0,05-08-2028,18.0,7.0,1.0,,3.0,1.0,0.0,0.0,0.0,3.0,0.0,1.0,3.0,0.0,10789.0,42.0,45759.0,6.0,Married,14.9,3094.0,0.0,11.0,PhD,3.0,
1.0,0.0,,27.0,10.0,2.0,86.0,28-10-2028,110.0,6.0,1.0,3.0,54.0,1.0,0.0,0.0,0.0,4.0,6.0,0.0,2.0,0.0,,175.0,42081.0,,Married,25.98,,0.0,11.0,Graduation,3.0,6.0
1.0,1.0,1.0,,153.0,1.0,87.0,16-12-2029,612.0,1.0,1.0,7.0,99.0,0.0,0.0,0.0,0.0,8.0,95.0,0.0,3.0,1.0,3010.0,,88420.0,6.0,Together,59.88,3119.0,0.0,11.0,Master,3.0,4.0
0.0,0.0,2.0,11.0,7.0,7.0,2.0,28-06-2029,140.0,7.0,3.0,1.0,10.0,1.0,0.0,0.0,0.0,8.0,3.0,1.0,3.0,0.0,4865.0,229.0,53367.0,,Divorced,96.48,3104.0,1.0,11.0,Master,3.0,5.0
,0.0,0.0,58.0,8.0,3.0,92.0,27-07-2028,166.0,7.0,1.0,3.0,11.0,1.0,0.0,0.0,0.0,12.0,8.0,,4.0,0.0,3916.0,639.0,49269.0,9.0,Together,11.95,3101.0,0.0,11.0,PhD,,7.0
0.0,0.0,2.0,32.0,22.0,2.0,76.0,25-11-2028,11.0,8.0,5.0,0.0,3.0,1.0,0.0,0.0,0.0,3.0,7.0,0.0,4.0,0.0,7301.0,4.0,23616.0,6.0,Single,12.45,3112.0,1.0,11.0,,3.0,
0.0,0.0,2.0,5.0,2.0,4.0,30.0,12-07-2029,44.0,5.0,2.0,,0.0,0.0,0.0,0.0,0.0,5.0,2.0,1.0,4.0,0.0,1676.0,213.0,43057.0,9.0,Married,8.71,,0.0,,Graduation,3.0,4.0
0.0,0.0,,6.0,0.0,2.0,36.0,24-10-2029,14.0,6.0,3.0,0.0,0.0,1.0,0.0,0.0,0.0,3.0,0.0,1.0,3.0,0.0,8605.0,48.0,46910.0,8.0,Together,49.91,3094.0,0.0,,PhD,3.0,2.0
0.0,0.0,2.0,6.0,3.0,2.0,67.0,12-03-2029,19.0,8.0,4.0,0.0,,1.0,0.0,,0.0,3.0,3.0,0.0,2.0,,736.0,18.0,28427.0,5.0,,90.66,3113.0,0.0,11.0,Graduation,,2.0
0.0,0.0,1.0,2.0,2.0,1.0,91.0,09-01-2029,7.0,8.0,1.0,0.0,0.0,0.0,0.0,0.0,0.0,2.0,4.0,,2.0,0.0,4817.0,3.0,22304.0,,Divorced,,3086.0,,11.0,Graduation,3.0,1.0
0.0,0.0,1.0,13.0,,6.0,85.0,14-06-2030,65.0,5.0,3.0,2.0,0.0,0.0,,0.0,0.0,9.0,0.0,1.0,3.0,0.0,1958.0,,55012.0,2.0,Together,33.97,3103.0,0.0,11.0,PhD,3.0,8.0
0.0,0.0,,57.0,33.0,1.0,61.0,28-10-2028,493.0,2.0,1.0,,59.0,0.0,0.0,0.0,0.0,10.0,103.0,0.0,2.0,0.0,8624.0,,81320.0,3.0,,87.15,3088.0,0.0,11.0,Graduation,3.0,4.0
0.0,0.0,,49.0,16.0,3.0,69.0,02-05-2029,114.0,5.0,4.0,2.0,0.0,,0.0,,,,5.0,2.0,2.0,0.0,895.0,410.0,61467.0,3.0,Married,112.59,3078.0,0.0,11.0,PhD,3.0,5.0
0.0,0.0,1.0,30.0,6.0,2.0,88.0,01-06-2029,42.0,8.0,,,16.0,0.0,0.0,0.0,0.0,6.0,6.0,1.0,5.0,,6991.0,537.0,43185.0,3.0,Divorced,75.44,3081.0,0.0,11.0,Graduation,,9.0
0.0,,2.0,66.0,19.0,1.0,,09-09-2029,456.0,1.0,2.0,9.0,160.0,0.0,0.0,0.0,0.0,13.0,142.0,0.0,2.0,0.0,7849.0,209.0,,3.0,Married,20.05,3100.0,0.0,11.0,PhD,3.0,2.0
0.0,0.0,2.0,25.0,47.0,2.0,92.0,15-11-2028,52.0,6.0,0.0,1.0,21.0,0.0,0.0,0.0,0.0,5.0,20.0,0.0,3.0,0.0,2227.0,45.0,26490.0,8.0,Together,45.09,3088.0,0.0,11.0,2n Cycle,,3.0
0.0,0.0,1.0,6.0,2.0,5.0,96.0,09-08-2029,19.0,7.0,3.0,0.0,0.0,,0.0,0.0,0.0,4.0,2.0,1.0,2.0,0.0,,18.0,17144.0,7.0,Together,,,,11.0,Master,3.0,3.0
0.0,0.0,2.0,10.0,1.0,2.0,67.0,18-11-2029,12.0,7.0,3.0,0.0,2.0,1.0,0.0,0.0,,3.0,0.0,1.0,2.0,0.0,3696.0,27.0,30630.0,4.0,,58.64,3095.0,0.0,11.0,Graduation,3.0,2.0
0.0,0.0,2.0,2.0,0.0,1.0,24.0,19-02-2030,4.0,8.0,0.0,0.0,0.0,2.0,0.0,0.0,0.0,2.0,0.0,1.0,4.0,0.0,3153.0,11.0,40737.0,2.0,Single,46.64,3087.0,0.0,11.0,PhD,3.0,1.0
0.0,0.0,3.0,11.0,4.0,1.0,41.0,,23.0,7.0,0.0,0.0,7.0,1.0,0.0,,0.0,3.0,0.0,0.0,3.0,0.0,8135.0,7.0,27161.0,9.0,,111.32,3116.0,0.0,11.0,Master,3.0,1.0
0.0,0.0,3.0,32.0,,1.0,29.0,21-03-2029,413.0,1.0,1.0,8.0,141.0,0.0,,0.0,,6.0,97.0,0.0,3.0,0.0,9495.0,,,2.0,Together,37.87,3112.0,,11.0,Graduation,,2.0
0.0,0.0,0.0,11.0,2.0,1.0,21.0,09-01-2029,7.0,,2.0,1.0,4.0,,0.0,0.0,,2.0,3.0,0.0,3.0,0.0,8369.0,,18227.0,8.0,Together,18.13,3117.0,0.0,11.0,Graduation,3.0,0.0
0.0,0.0,3.0,165.0,,1.0,94.0,18-04-2030,635.0,1.0,3.0,,132.0,0.0,0.0,0.0,0.0,9.0,127.0,0.0,3.0,0.0,4501.0,292.0,69882.0,3.0,Single,,3095.0,0.0,11.0,Master,3.0,3.0
1.0,0.0,1.0,18.0,,,10.0,,13.0,7.0,1.0,,2.0,1.0,0.0,0.0,0.0,2.0,2.0,0.0,4.0,0.0,2521.0,23.0,,7.0,Married,3.06,3101.0,1.0,,Master,3.0,1.0
,0.0,,35.0,35.0,2.0,49.0,20-05-2030,214.0,2.0,1.0,3.0,69.0,0.0,0.0,0.0,,4.0,53.0,1.0,4.0,0.0,2591.0,526.0,76320.0,4.0,Widow,22.38,3089.0,0.0,11.0,Graduation,3.0,6.0
0.0,0.0,2.0,5.0,15.0,2.0,52.0,24-11-2029,60.0,2.0,3.0,1.0,24.0,0.0,0.0,0.0,0.0,8.0,23.0,1.0,3.0,0.0,7540.0,143.0,50300.0,2.0,Married,82.22,3082.0,0.0,11.0,Graduation,3.0,2.0
0.0,0.0,2.0,19.0,,6.0,10.0,12-05-2029,111.0,6.0,0.0,1.0,50.0,0.0,0.0,,0.0,8.0,15.0,1.0,4.0,0.0,977.0,200.0,47320.0,2.0,Together,78.09,3087.0,0.0,11.0,Graduation,3.0,5.0
,0.0,0.0,44.0,4.0,5.0,25.0,25-12-2028,26.0,6.0,3.0,1.0,8.0,1.0,0.0,0.0,0.0,5.0,4.0,1.0,3.0,0.0,975.0,178.0,54252.0,4.0,Single,76.67,3086.0,0.0,11.0,Graduation,3.0,4.0
0.0,0.0,1.0,37.0,126.0,3.0,96.0,20-01-2029,196.0,6.0,2.0,4.0,91.0,0.0,0.0,0.0,0.0,7.0,112.0,1.0,2.0,,8310.0,897.0,68142.0,10.0,Together,118.4,3094.0,0.0,11.0,Graduation,3.0,10.0
1.0,0.0,3.0,9.0,0.0,2.0,43.0,22-03-2030,2.0,5.0,1.0,1.0,0.0,1.0,0.0,0.0,0.0,2.0,0.0,1.0,3.0,0.0,7186.0,24.0,30843.0,6.0,Together,113.32,3096.0,0.0,11.0,PhD,3.0,1.0
0.0,0.0,2.0,57.0,,0.0,,06-01-2030,377.0,1.0,5.0,6.0,149.0,0.0,0.0,0.0,0.0,7.0,125.0,0.0,2.0,0.0,9589.0,332.0,82032.0,5.0,Widow,68.95,3078.0,,11.0,PhD,3.0,4.0
,0.0,2.0,122.0,,6.0,71.0,10-09-2028,163.0,9.0,2.0,4.0,0.0,0.0,0.0,0.0,,,51.0,1.0,4.0,0.0,269.0,777.0,46757.0,5.0,,44.36,3093.0,0.0,11.0,PhD,3.0,
0.0,0.0,3.0,1.0,2.0,1.0,75.0,05-04-2030,2.0,8.0,,,2.0,1.0,0.0,0.0,0.0,2.0,1.0,0.0,2.0,0.0,6528.0,2.0,18492.0,5.0,,83.57,3112.0,0.0,11.0,Master,3.0,1.0
0.0,0.0,2.0,29.0,3.0,4.0,49.0,29-12-2028,21.0,9.0,,0.0,4.0,1.0,0.0,0.0,0.0,4.0,1.0,1.0,,0.0,10827.0,88.0,36947.0,7.0,Married,29.54,3097.0,0.0,,PhD,3.0,3.0
0.0,0.0,1.0,77.0,0.0,,84.0,,85.0,,5.0,3.0,10.0,0.0,0.0,0.0,0.0,8.0,7.0,1.0,4.0,0.0,1490.0,675.0,55759.0,2.0,Married,32.57,3092.0,0.0,11.0,Graduation,3.0,10.0
0.0,0.0,2.0,,41.0,3.0,46.0,22-03-2029,215.0,5.0,2.0,2.0,11.0,0.0,0.0,0.0,0.0,10.0,0.0,2.0,3.0,0.0,1184.0,554.0,69674.0,2.0,Divorced,107.25,3098.0,0.0,11.0,PhD,3.0,10.0
0.0,0.0,1.0,,15.0,1.0,45.0,21-05-2029,263.0,1.0,2.0,,60.0,0.0,0.0,0.0,0.0,6.0,54.0,0.0,4.0,0.0,7119.0,395.0,68627.0,3.0,Single,63.35,3112.0,0.0,11.0,Graduation,3.0,
0.0,0.0,2.0,,23.0,2.0,51.0,07-08-2029,123.0,6.0,1.0,9.0,10.0,0.0,0.0,0.0,,,23.0,,2.0,0.0,2891.0,595.0,68118.0,2.0,Divorced,15.43,3093.0,0.0,,Graduation,3.0,8.0
0.0,0.0,0.0,97.0,6.0,,,16-01-2029,91.0,8.0,,2.0,8.0,1.0,0.0,0.0,0.0,9.0,,,3.0,,3594.0,539.0,,4.0,Married,7.48,3103.0,0.0,11.0,Master,3.0,8.0
0.0,0.0,2.0,7.0,9.0,,42.0,23-01-2029,,3.0,2.0,1.0,7.0,1.0,,,,4.0,8.0,1.0,3.0,0.0,,3.0,16014.0,1.0,Single,18.66,3109.0,0.0,11.0,Basic,3.0,1.0
0.0,0.0,2.0,,23.0,,,15-12-2028,95.0,2.0,2.0,,,0.0,0.0,0.0,0.0,5.0,41.0,1.0,6.0,0.0,10524.0,386.0,49476.0,9.0,Divorced,76.56,3093.0,0.0,,Master,3.0,2.0
0.0,0.0,2.0,39.0,11.0,1.0,80.0,27-02-2030,50.0,2.0,3.0,3.0,,0.0,0.0,,0.0,4.0,2.0,0.0,4.0,0.0,,81.0,,9.0,Single,107.62,3089.0,,11.0,PhD,3.0,1.0
0.0,0.0,0.0,41.0,6.0,2.0,84.0,25-12-2029,82.0,5.0,1.0,,6.0,0.0,0.0,0.0,0.0,6.0,6.0,1.0,4.0,0.0,4541.0,,38946.0,4.0,Together,65.95,3085.0,0.0,11.0,,3.0,3.0
0.0,0.0,1.0,45.0,9.0,4.0,90.0,21-12-2028,121.0,8.0,2.0,2.0,12.0,1.0,0.0,0.0,0.0,4.0,12.0,0.0,3.0,0.0,1291.0,152.0,27683.0,10.0,Together,19.11,3108.0,0.0,11.0,PhD,3.0,6.0
0.0,0.0,2.0,1.0,0.0,3.0,19.0,08-07-2030,14.0,3.0,1.0,0.0,7.0,1.0,0.0,0.0,0.0,4.0,3.0,,2.0,0.0,6355.0,20.0,44359.0,5.0,Married,78.33,,0.0,11.0,Graduation,3.0,2.0
,0.0,,,159.0,4.0,33.0,14-07-2028,194.0,3.0,4.0,3.0,58.0,0.0,0.0,0.0,0.0,6.0,106.0,1.0,4.0,0.0,9204.0,371.0,66731.0,5.0,,43.81,3100.0,0.0,11.0,,3.0,4.0
0.0,0.0,1.0,3.0,2.0,1.0,66.0,13-11-2028,8.0,6.0,0.0,0.0,3.0,1.0,0.0,0.0,,3.0,2.0,0.0,,0.0,4860.0,,24206.0,10.0,Single,12.61,3100.0,0.0,,,3.0,1.0
0.0,0.0,1.0,48.0,48.0,4.0,65.0,21-12-2028,133.0,4.0,1.0,2.0,39.0,0.0,0.0,0.0,0.0,10.0,72.0,1.0,2.0,0.0,849.0,320.0,56129.0,,Together,114.08,3083.0,0.0,11.0,Master,3.0,6.0
0.0,0.0,1.0,33.0,20.0,1.0,5.0,26-12-2028,350.0,2.0,,9.0,29.0,0.0,,0.0,0.0,,30.0,0.0,4.0,1.0,1031.0,600.0,85710.0,9.0,Married,114.12,,0.0,11.0,2n Cycle,3.0,6.0
0.0,0.0,1.0,78.0,18.0,,99.0,17-11-2028,126.0,4.0,4.0,2.0,47.0,0.0,0.0,,0.0,11.0,48.0,1.0,2.0,,10142.0,372.0,66476.0,2.0,Divorced,77.38,3106.0,0.0,11.0,PhD,3.0,5.0
0.0,,3.0,2.0,0.0,2.0,97.0,18-03-2030,13.0,8.0,,0.0,2.0,0.0,0.0,0.0,0.0,3.0,,1.0,2.0,0.0,7181.0,35.0,30368.0,7.0,Married,,3107.0,0.0,11.0,Graduation,3.0,2.0
0.0,0.0,0.0,30.0,9.0,3.0,54.0,01-08-2029,12.0,4.0,4.0,0.0,2.0,1.0,0.0,0.0,0.0,,11.0,1.0,2.0,0.0,3308.0,30.0,35704.0,8.0,Married,28.73,3082.0,0.0,11.0,Graduation,3.0,
0.0,0.0,0.0,48.0,48.0,4.0,65.0,28-01-2029,133.0,4.0,5.0,2.0,39.0,0.0,0.0,0.0,0.0,10.0,72.0,1.0,3.0,0.0,9805.0,,56129.0,10.0,Together,67.17,,0.0,11.0,Master,,6.0
0.0,0.0,1.0,7.0,,1.0,,06-03-2029,18.0,9.0,4.0,1.0,10.0,1.0,0.0,,0.0,2.0,4.0,0.0,3.0,0.0,3518.0,10.0,25271.0,2.0,,59.51,3113.0,0.0,11.0,Graduation,3.0,1.0
0.0,0.0,2.0,44.0,21.0,4.0,0.0,29-07-2028,300.0,6.0,0.0,,65.0,0.0,0.0,0.0,,6.0,8.0,1.0,,0.0,10968.0,266.0,57731.0,2.0,Single,4.17,,0.0,,Graduation,3.0,8.0
0.0,0.0,1.0,57.0,194.0,0.0,54.0,25-02-2030,377.0,1.0,2.0,6.0,149.0,0.0,,0.0,0.0,7.0,125.0,0.0,4.0,0.0,202.0,332.0,82032.0,10.0,Widow,10.33,3078.0,0.0,11.0,PhD,3.0,4.0
1.0,0.0,0.0,13.0,0.0,1.0,68.0,02-10-2029,,20.0,3.0,0.0,,1.0,,0.0,0.0,0.0,1.0,1.0,2.0,0.0,,28.0,,,Together,4.69,3080.0,0.0,11.0,PhD,3.0,1.0
1.0,0.0,3.0,51.0,105.0,0.0,40.0,19-06-2028,,4.0,0.0,,137.0,0.0,0.0,0.0,,9.0,105.0,0.0,4.0,0.0,7503.0,1032.0,75825.0,9.0,Single,19.16,3106.0,1.0,11.0,Graduation,,5.0
0.0,,1.0,133.0,42.0,3.0,,13-09-2029,144.0,3.0,2.0,4.0,55.0,0.0,0.0,0.0,,9.0,48.0,1.0,3.0,,1328.0,261.0,57937.0,3.0,Married,,,0.0,11.0,2n Cycle,3.0,4.0
0.0,0.0,1.0,15.0,0.0,1.0,97.0,15-05-2030,11.0,4.0,1.0,0.0,3.0,,0.0,0.0,0.0,3.0,0.0,,4.0,0.0,6382.0,25.0,48794.0,9.0,Together,70.96,3083.0,0.0,11.0,Graduation,3.0,1.0
0.0,1.0,3.0,34.0,6.0,4.0,3.0,22-03-2030,37.0,7.0,2.0,1.0,0.0,0.0,0.0,,0.0,6.0,3.0,1.0,3.0,0.0,4452.0,292.0,50388.0,1.0,Single,43.12,3087.0,1.0,,Graduation,3.0,6.0
0.0,0.0,1.0,35.0,28.0,3.0,98.0,26-10-2030,136.0,6.0,2.0,3.0,75.0,0.0,0.0,0.0,0.0,7.0,14.0,1.0,2.0,0.0,6722.0,479.0,70421.0,5.0,Married,96.61,3084.0,0.0,11.0,PhD,,
0.0,0.0,,47.0,7.0,3.0,61.0,19-03-2030,,,0.0,2.0,0.0,1.0,0.0,1.0,0.0,4.0,0.0,1.0,4.0,0.0,10660.0,349.0,66726.0,2.0,Married,67.13,3087.0,,11.0,Master,3.0,8.0
0.0,0.0,1.0,16.0,32.0,2.0,17.0,,,5.0,1.0,2.0,21.0,1.0,0.0,,0.0,9.0,32.0,0.0,3.0,0.0,4741.0,391.0,,7.0,Married,107.79,3104.0,0.0,11.0,2n Cycle,3.0,6.0
0.0,1.0,0.0,168.0,36.0,3.0,4.0,15-08-2029,217.0,4.0,0.0,4.0,172.0,0.0,,1.0,0.0,7.0,96.0,1.0,1.0,0.0,1945.0,711.0,71434.0,1.0,Married,29.56,3092.0,0.0,11.0,Graduation,3.0,7.0
0.0,0.0,1.0,92.0,6.0,4.0,32.0,04-07-2028,,8.0,1.0,,13.0,0.0,0.0,0.0,0.0,5.0,6.0,1.0,3.0,0.0,,293.0,51651.0,6.0,Married,0.43,3090.0,0.0,11.0,Graduation,3.0,6.0
0.0,0.0,,25.0,10.0,3.0,46.0,08-11-2028,,5.0,2.0,2.0,19.0,1.0,0.0,0.0,0.0,4.0,7.0,0.0,4.0,0.0,5788.0,56.0,46053.0,2.0,Together,64.37,3102.0,0.0,11.0,Graduation,3.0,3.0
0.0,0.0,0.0,1.0,1.0,15.0,42.0,12-12-2028,1725.0,1.0,1.0,28.0,1.0,1.0,0.0,0.0,0.0,0.0,1.0,0.0,5.0,0.0,5376.0,1.0,2447.0,1.0,Married,,,0.0,11.0,Graduation,3.0,0.0
0.0,1.0,2.0,126.0,63.0,1.0,91.0,15-11-2029,946.0,2.0,2.0,7.0,219.0,0.0,0.0,0.0,0.0,11.0,189.0,0.0,1.0,1.0,2147.0,736.0,76653.0,1.0,Together,26.95,3099.0,0.0,11.0,Graduation,3.0,4.0
0.0,0.0,2.0,2.0,0.0,3.0,62.0,17-11-2029,14.0,7.0,2.0,0.0,,1.0,0.0,0.0,0.0,3.0,0.0,,3.0,0.0,3565.0,56.0,38452.0,4.0,Married,35.01,3085.0,0.0,11.0,Master,3.0,3.0
0.0,0.0,2.0,249.0,166.0,1.0,79.0,04-03-2029,597.0,3.0,0.0,6.0,172.0,,0.0,0.0,0.0,4.0,166.0,0.0,4.0,0.0,10936.0,597.0,72190.0,10.0,Married,41.98,3095.0,0.0,11.0,Graduation,3.0,5.0
1.0,0.0,0.0,20.0,0.0,2.0,37.0,10-10-2030,8.0,5.0,,,4.0,1.0,0.0,0.0,0.0,2.0,2.0,1.0,2.0,0.0,1626.0,15.0,35860.0,2.0,Divorced,,3103.0,1.0,11.0,PhD,3.0,1.0
,0.0,2.0,,8.0,2.0,53.0,30-01-2029,206.0,6.0,0.0,10.0,,0.0,,0.0,,5.0,49.0,0.0,4.0,0.0,8800.0,437.0,48948.0,9.0,Divorced,,3073.0,1.0,11.0,PhD,3.0,7.0
0.0,0.0,4.0,159.0,,4.0,78.0,02-09-2028,142.0,2.0,2.0,5.0,33.0,0.0,0.0,0.0,0.0,13.0,50.0,1.0,1.0,0.0,6202.0,571.0,63381.0,10.0,,32.76,3090.0,0.0,11.0,Graduation,3.0,4.0
0.0,0.0,0.0,0.0,100.0,1.0,96.0,17-12-2029,801.0,2.0,,9.0,21.0,0.0,0.0,0.0,0.0,10.0,66.0,0.0,4.0,1.0,1966.0,684.0,84618.0,4.0,Married,5.37,,0.0,11.0,PhD,3.0,6.0
,0.0,2.0,141.0,26.0,,21.0,02-03-2030,195.0,2.0,1.0,4.0,,0.0,0.0,0.0,0.0,,17.0,0.0,4.0,0.0,10562.0,620.0,66835.0,1.0,Married,119.37,3076.0,0.0,11.0,Master,3.0,6.0
0.0,0.0,1.0,,11.0,,90.0,16-06-2030,392.0,1.0,2.0,11.0,75.0,0.0,0.0,0.0,0.0,4.0,0.0,0.0,3.0,0.0,4964.0,680.0,,8.0,Together,117.36,3088.0,0.0,11.0,PhD,3.0,2.0
0.0,0.0,3.0,4.0,0.0,1.0,27.0,09-09-2028,2.0,7.0,3.0,0.0,,0.0,0.0,0.0,,3.0,0.0,1.0,3.0,0.0,10277.0,36.0,30081.0,5.0,Single,58.33,3091.0,0.0,11.0,Graduation,3.0,1.0
0.0,,1.0,0.0,30.0,1.0,47.0,14-11-2029,168.0,1.0,1.0,4.0,20.0,0.0,,0.0,,7.0,,0.0,,0.0,3075.0,130.0,59973.0,4.0,Married,87.0,3102.0,0.0,,PhD,3.0,3.0
0.0,0.0,0.0,,161.0,2.0,,30-12-2028,426.0,6.0,1.0,5.0,210.0,,0.0,0.0,0.0,5.0,44.0,0.0,2.0,0.0,3507.0,676.0,76467.0,4.0,Single,95.78,3100.0,1.0,11.0,Graduation,3.0,
0.0,,1.0,3.0,0.0,1.0,4.0,20-05-2029,,5.0,2.0,0.0,3.0,0.0,0.0,0.0,0.0,3.0,1.0,1.0,3.0,0.0,8619.0,9.0,21994.0,1.0,Together,23.25,,0.0,11.0,Graduation,3.0,0.0
,0.0,1.0,0.0,0.0,,43.0,11-03-2030,10.0,5.0,2.0,,0.0,1.0,0.0,0.0,0.0,4.0,1.0,1.0,4.0,0.0,3783.0,105.0,52854.0,8.0,Married,110.71,,0.0,11.0,PhD,3.0,2.0
,,1.0,6.0,,1.0,16.0,23-12-2029,0.0,6.0,0.0,0.0,6.0,0.0,0.0,0.0,0.0,2.0,2.0,,5.0,0.0,10241.0,0.0,11448.0,7.0,Divorced,94.87,3105.0,0.0,11.0,2n Cycle,3.0,
,,0.0,24.0,2.0,1.0,10.0,,18.0,8.0,1.0,1.0,3.0,1.0,0.0,0.0,0.0,2.0,0.0,,4.0,,3885.0,16.0,33569.0,,Married,99.98,,1.0,11.0,PhD,3.0,1.0
0.0,0.0,2.0,3.0,0.0,1.0,25.0,21-12-2028,3.0,7.0,1.0,,0.0,0.0,,0.0,0.0,2.0,0.0,1.0,3.0,0.0,8754.0,14.0,45068.0,5.0,Together,62.48,,0.0,,PhD,3.0,1.0
0.0,0.0,2.0,1.0,0.0,1.0,23.0,,5.0,6.0,2.0,0.0,13.0,,0.0,0.0,0.0,3.0,0.0,0.0,4.0,0.0,6646.0,3.0,,5.0,,107.81,3114.0,0.0,11.0,Graduation,3.0,1.0
0.0,0.0,1.0,0.0,105.0,1.0,2.0,20-09-2028,653.0,8.0,3.0,4.0,28.0,0.0,0.0,0.0,0.0,,21.0,0.0,3.0,0.0,7919.0,1285.0,72335.0,10.0,Together,94.73,,1.0,11.0,PhD,3.0,10.0
0.0,0.0,2.0,135.0,58.0,1.0,8.0,07-08-2029,161.0,,3.0,9.0,,0.0,0.0,0.0,0.0,4.0,51.0,,4.0,0.0,5519.0,316.0,64090.0,9.0,Together,14.65,3086.0,1.0,11.0,Graduation,3.0,6.0
0.0,0.0,2.0,14.0,29.0,1.0,43.0,11-09-2030,,2.0,3.0,5.0,38.0,,0.0,1.0,0.0,12.0,29.0,0.0,3.0,1.0,4394.0,1142.0,81051.0,7.0,Married,90.38,3095.0,0.0,,PhD,3.0,5.0
0.0,0.0,,23.0,3.0,2.0,43.0,25-05-2029,84.0,4.0,5.0,2.0,4.0,0.0,0.0,0.0,0.0,8.0,7.0,1.0,2.0,0.0,6872.0,284.0,65352.0,4.0,,81.26,3104.0,0.0,11.0,PhD,3.0,4.0
0.0,,3.0,12.0,2.0,4.0,87.0,11-02-2029,55.0,9.0,2.0,1.0,0.0,,0.0,0.0,0.0,4.0,5.0,1.0,3.0,0.0,7023.0,189.0,46231.0,7.0,Single,72.67,3083.0,0.0,11.0,,3.0,6.0
0.0,1.0,3.0,26.0,26.0,1.0,11.0,01-04-2030,282.0,5.0,2.0,7.0,52.0,0.0,1.0,1.0,,,26.0,0.0,1.0,1.0,5067.0,966.0,80134.0,10.0,Together,7.42,3124.0,0.0,,Graduation,3.0,
,0.0,1.0,39.0,27.0,4.0,,26-10-2029,159.0,2.0,0.0,4.0,58.0,,0.0,0.0,0.0,5.0,8.0,1.0,2.0,0.0,1927.0,399.0,69401.0,1.0,Together,29.02,3103.0,,11.0,2n Cycle,3.0,4.0
0.0,0.0,1.0,126.0,126.0,1.0,75.0,23-06-2029,490.0,1.0,1.0,5.0,164.0,0.0,0.0,0.0,0.0,11.0,,,,1.0,5250.0,532.0,,,Widow,51.05,3073.0,1.0,11.0,Master,3.0,5.0
0.0,0.0,1.0,89.0,7.0,6.0,79.0,,171.0,8.0,,1.0,25.0,1.0,0.0,0.0,0.0,,19.0,0.0,2.0,0.0,1584.0,171.0,41443.0,1.0,Married,50.0,,0.0,11.0,Graduation,3.0,8.0
0.0,0.0,2.0,3.0,0.0,1.0,51.0,09-03-2029,26.0,5.0,3.0,0.0,7.0,1.0,0.0,0.0,0.0,4.0,15.0,0.0,5.0,0.0,523.0,23.0,37155.0,7.0,Married,13.85,3119.0,0.0,11.0,Graduation,3.0,2.0
0.0,0.0,0.0,39.0,17.0,2.0,2.0,21-02-2029,26.0,9.0,0.0,0.0,20.0,1.0,0.0,,0.0,3.0,1.0,0.0,3.0,0.0,3887.0,3.0,27242.0,4.0,Single,109.96,3100.0,,11.0,Graduation,3.0,2.0
0.0,0.0,,1.0,0.0,1.0,10.0,26-08-2030,3.0,7.0,1.0,0.0,0.0,1.0,,0.0,,2.0,0.0,1.0,3.0,0.0,8566.0,5.0,32583.0,1.0,Together,40.28,3091.0,0.0,11.0,PhD,3.0,1.0
0.0,1.0,1.0,10.0,2.0,2.0,49.0,28-02-2029,46.0,7.0,2.0,2.0,3.0,0.0,0.0,1.0,0.0,5.0,2.0,0.0,4.0,0.0,8143.0,202.0,37929.0,6.0,Single,19.95,3115.0,1.0,11.0,,3.0,4.0
0.0,0.0,1.0,5.0,2.0,1.0,28.0,16-11-2029,31.0,7.0,3.0,0.0,7.0,1.0,0.0,,0.0,3.0,4.0,0.0,,0.0,,22.0,33228.0,3.0,Married,5.5,3110.0,0.0,11.0,Graduation,3.0,2.0
0.0,0.0,1.0,,2.0,2.0,86.0,15-10-2028,9.0,8.0,2.0,0.0,2.0,1.0,0.0,,0.0,3.0,1.0,1.0,2.0,,4547.0,6.0,,2.0,Together,,3090.0,0.0,11.0,Graduation,3.0,1.0
0.0,0.0,2.0,3.0,0.0,1.0,18.0,11-03-2030,8.0,8.0,1.0,0.0,2.0,,0.0,0.0,0.0,,2.0,0.0,2.0,0.0,,2.0,37406.0,4.0,Married,12.43,3110.0,1.0,11.0,Graduation,3.0,1.0
0.0,0.0,2.0,17.0,,2.0,16.0,01-08-2029,5.0,7.0,3.0,0.0,26.0,1.0,0.0,0.0,0.0,3.0,2.0,0.0,3.0,,87.0,0.0,27733.0,10.0,Married,40.43,3111.0,0.0,11.0,2n Cycle,3.0,2.0
0.0,1.0,3.0,33.0,38.0,1.0,61.0,18-08-2029,287.0,,3.0,10.0,50.0,0.0,1.0,,0.0,4.0,57.0,1.0,3.0,1.0,5536.0,1492.0,87771.0,4.0,Together,97.14,3089.0,,11.0,Graduation,3.0,5.0
0.0,0.0,1.0,8.0,62.0,4.0,41.0,21-08-2030,134.0,5.0,2.0,3.0,0.0,,0.0,,0.0,13.0,26.0,1.0,3.0,0.0,,674.0,69283.0,9.0,Married,1.07,3105.0,0.0,11.0,,3.0,7.0
0.0,0.0,1.0,21.0,9.0,2.0,49.0,,20.0,6.0,,0.0,6.0,1.0,0.0,0.0,0.0,4.0,8.0,0.0,4.0,0.0,89.0,5.0,22212.0,5.0,Married,43.7,3105.0,0.0,11.0,2n Cycle,3.0,2.0
1.0,0.0,0.0,,0.0,3.0,39.0,01-06-2030,17.0,5.0,2.0,1.0,0.0,1.0,0.0,0.0,0.0,3.0,0.0,,4.0,0.0,6387.0,,52190.0,3.0,Together,7.39,3106.0,0.0,11.0,PhD,,2.0
0.0,0.0,0.0,26.0,19.0,6.0,3.0,30-11-2028,132.0,6.0,1.0,,0.0,0.0,0.0,0.0,0.0,11.0,6.0,1.0,2.0,0.0,6715.0,502.0,60200.0,3.0,Single,70.14,3078.0,0.0,11.0,PhD,3.0,6.0
0.0,0.0,,,126.0,5.0,80.0,25-05-2028,342.0,6.0,3.0,4.0,0.0,0.0,0.0,0.0,0.0,11.0,,1.0,4.0,0.0,8852.0,387.0,61064.0,2.0,,112.11,3106.0,0.0,11.0,Graduation,3.0,8.0
0.0,,4.0,15.0,11.0,3.0,29.0,18-04-2029,119.0,4.0,4.0,2.0,10.0,0.0,0.0,0.0,0.0,,3.0,1.0,3.0,0.0,2036.0,243.0,57906.0,6.0,Together,11.46,3103.0,0.0,,PhD,3.0,4.0
0.0,,4.0,17.0,2.0,2.0,9.0,,8.0,7.0,1.0,1.0,20.0,2.0,0.0,0.0,0.0,2.0,0.0,,3.0,0.0,10084.0,3.0,24434.0,4.0,Married,41.84,3102.0,0.0,11.0,Graduation,3.0,2.0
,0.0,1.0,20.0,5.0,2.0,76.0,17-05-2030,8.0,6.0,2.0,1.0,4.0,1.0,0.0,0.0,,2.0,8.0,,2.0,0.0,4066.0,1.0,21282.0,5.0,Divorced,41.57,3108.0,,11.0,2n Cycle,3.0,2.0
,0.0,2.0,12.0,6.0,1.0,11.0,12-09-2029,5.0,7.0,2.0,0.0,0.0,0.0,0.0,0.0,0.0,3.0,9.0,0.0,,0.0,9262.0,20.0,32414.0,5.0,Together,102.07,3114.0,0.0,11.0,2n Cycle,,1.0
0.0,,1.0,19.0,1.0,1.0,77.0,20-12-2028,7.0,,2.0,1.0,,0.0,0.0,0.0,0.0,2.0,4.0,0.0,4.0,,10304.0,6.0,18690.0,,,94.17,3089.0,0.0,11.0,Graduation,3.0,1.0
1.0,0.0,1.0,20.0,0.0,2.0,37.0,30-04-2030,,5.0,2.0,,4.0,1.0,0.0,0.0,0.0,2.0,2.0,1.0,5.0,0.0,,,35860.0,6.0,Alone,80.96,3103.0,1.0,11.0,,3.0,1.0
,0.0,1.0,47.0,161.0,2.0,73.0,,,2.0,1.0,,210.0,0.0,0.0,0.0,0.0,13.0,85.0,0.0,,0.0,10770.0,247.0,,7.0,Married,65.64,3089.0,0.0,11.0,,3.0,4.0
0.0,0.0,3.0,84.0,104.0,3.0,,18-11-2028,169.0,7.0,1.0,2.0,102.0,0.0,0.0,0.0,1.0,8.0,78.0,,1.0,0.0,9500.0,221.0,58113.0,6.0,Married,93.85,3089.0,0.0,,Graduation,,9.0
0.0,,,10.0,61.0,3.0,81.0,11-03-2029,428.0,5.0,0.0,8.0,80.0,0.0,0.0,0.0,0.0,10.0,51.0,1.0,3.0,0.0,9153.0,418.0,59304.0,3.0,Married,72.27,3094.0,0.0,11.0,,3.0,7.0
0.0,1.0,1.0,20.0,21.0,1.0,1.0,14-08-2029,449.0,1.0,1.0,3.0,106.0,0.0,0.0,0.0,0.0,4.0,20.0,0.0,3.0,1.0,7962.0,1285.0,,8.0,Single,21.64,3117.0,,11.0,PhD,3.0,4.0
0.0,0.0,0.0,11.0,5.0,1.0,16.0,28-12-2029,14.0,7.0,4.0,0.0,0.0,0.0,0.0,,0.0,3.0,,0.0,2.0,0.0,10779.0,15.0,22148.0,2.0,Single,5.99,3113.0,0.0,,Graduation,3.0,
,0.0,1.0,24.0,29.0,1.0,,11-06-2028,,,1.0,3.0,250.0,0.0,0.0,0.0,,7.0,27.0,0.0,4.0,,10619.0,770.0,95529.0,9.0,Single,21.99,3124.0,1.0,11.0,Graduation,3.0,7.0
0.0,0.0,3.0,11.0,2.0,1.0,29.0,10-10-2028,11.0,8.0,2.0,0.0,41.0,,0.0,0.0,0.0,,7.0,0.0,4.0,0.0,1777.0,2.0,25965.0,5.0,Married,117.19,3110.0,0.0,,,3.0,2.0
0.0,0.0,2.0,3.0,0.0,1.0,77.0,15-07-2030,9.0,6.0,,0.0,2.0,1.0,0.0,0.0,0.0,2.0,1.0,0.0,2.0,0.0,5577.0,8.0,43776.0,3.0,,22.39,3113.0,,11.0,Graduation,3.0,1.0
0.0,0.0,1.0,76.0,23.0,1.0,18.0,31-07-2030,424.0,1.0,,10.0,27.0,0.0,0.0,0.0,0.0,13.0,65.0,0.0,,0.0,,163.0,81361.0,5.0,Divorced,16.43,3117.0,1.0,11.0,Graduation,3.0,3.0
0.0,0.0,2.0,4.0,0.0,2.0,82.0,21-04-2029,24.0,7.0,2.0,2.0,,0.0,0.0,1.0,0.0,5.0,0.0,1.0,4.0,0.0,,462.0,57091.0,7.0,Married,116.91,3102.0,1.0,11.0,PhD,3.0,9.0
0.0,0.0,1.0,,26.0,1.0,12.0,08-05-2029,,,5.0,6.0,69.0,0.0,,1.0,0.0,11.0,13.0,0.0,2.0,1.0,7366.0,712.0,75777.0,1.0,Single,43.1,3112.0,1.0,11.0,Master,3.0,3.0
0.0,0.0,,3.0,1.0,3.0,0.0,28-03-2028,37.0,7.0,0.0,,0.0,,0.0,0.0,0.0,4.0,,1.0,3.0,,,80.0,33168.0,6.0,Single,53.11,3095.0,,11.0,Master,3.0,2.0
0.0,0.0,1.0,48.0,2.0,1.0,41.0,22-06-2028,73.0,8.0,0.0,2.0,69.0,0.0,0.0,0.0,0.0,5.0,,0.0,,0.0,9360.0,,37040.0,5.0,Married,50.68,3112.0,0.0,11.0,Graduation,3.0,4.0
1.0,0.0,1.0,10.0,0.0,1.0,54.0,01-02-2030,4.0,5.0,3.0,,0.0,0.0,0.0,0.0,0.0,2.0,0.0,2.0,,,8955.0,35.0,40451.0,9.0,,95.17,3087.0,,11.0,,3.0,1.0
0.0,0.0,2.0,32.0,1.0,2.0,97.0,30-10-2029,12.0,6.0,0.0,,0.0,0.0,,1.0,0.0,3.0,3.0,1.0,2.0,0.0,48.0,,55761.0,2.0,,,3094.0,,11.0,,,4.0
0.0,0.0,3.0,,0.0,,44.0,26-01-2030,3.0,6.0,1.0,0.0,0.0,0.0,,0.0,0.0,,0.0,1.0,4.0,0.0,2694.0,21.0,42664.0,2.0,Married,,3097.0,0.0,11.0,Graduation,3.0,1.0
0.0,0.0,0.0,10.0,0.0,4.0,53.0,05-09-2030,,5.0,0.0,1.0,,1.0,0.0,0.0,0.0,3.0,2.0,1.0,2.0,0.0,5827.0,36.0,35246.0,5.0,Divorced,109.02,3088.0,0.0,11.0,Graduation,3.0,3.0
0.0,0.0,2.0,168.0,28.0,3.0,70.0,05-05-2029,140.0,6.0,1.0,3.0,0.0,0.0,0.0,1.0,0.0,5.0,14.0,1.0,4.0,1.0,4356.0,1224.0,71819.0,3.0,Together,6.79,3101.0,0.0,11.0,Graduation,3.0,3.0
0.0,1.0,,111.0,66.0,1.0,79.0,07-11-2028,119.0,,2.0,10.0,86.0,0.0,0.0,1.0,0.0,5.0,,0.0,2.0,0.0,10314.0,,83837.0,1.0,Married,0.08,3078.0,1.0,11.0,PhD,3.0,
0.0,0.0,0.0,38.0,153.0,0.0,75.0,06-07-2029,,2.0,2.0,6.0,58.0,0.0,0.0,0.0,0.0,7.0,,0.0,,0.0,,249.0,81741.0,6.0,Single,103.74,3110.0,0.0,11.0,Graduation,3.0,6.0
,,1.0,16.0,,1.0,1.0,31-03-2029,349.0,4.0,3.0,4.0,43.0,0.0,1.0,1.0,0.0,9.0,16.0,0.0,4.0,1.0,,1248.0,,4.0,Single,,3091.0,1.0,11.0,PhD,3.0,2.0
0.0,0.0,2.0,96.0,120.0,1.0,29.0,02-04-2030,,1.0,,4.0,94.0,0.0,0.0,0.0,,10.0,144.0,0.0,,1.0,5735.0,,90638.0,9.0,Single,114.94,3121.0,,11.0,Master,3.0,3.0
0.0,0.0,,163.0,67.0,3.0,48.0,20-12-2029,500.0,2.0,0.0,5.0,199.0,0.0,0.0,0.0,0.0,6.0,0.0,0.0,5.0,0.0,10652.0,240.0,65487.0,6.0,Together,1.43,3087.0,,11.0,Master,3.0,3.0
0.0,0.0,4.0,30.0,4.0,3.0,4.0,02-08-2030,,7.0,3.0,1.0,6.0,0.0,0.0,1.0,0.0,,4.0,1.0,0.0,0.0,254.0,399.0,53863.0,6.0,Together,,3085.0,0.0,11.0,Graduation,3.0,7.0
0.0,0.0,2.0,24.0,0.0,2.0,83.0,25-02-2029,22.0,6.0,5.0,1.0,0.0,0.0,0.0,0.0,0.0,4.0,0.0,1.0,1.0,0.0,10339.0,,,7.0,Together,73.06,3084.0,0.0,11.0,Master,3.0,4.0
0.0,0.0,3.0,24.0,18.0,,9.0,24-12-2029,81.0,3.0,3.0,2.0,28.0,0.0,0.0,0.0,0.0,7.0,6.0,1.0,3.0,0.0,10232.0,174.0,48799.0,7.0,Divorced,96.66,3093.0,0.0,11.0,PhD,3.0,
0.0,0.0,2.0,1.0,0.0,2.0,33.0,23-08-2030,3.0,6.0,5.0,0.0,0.0,1.0,0.0,0.0,0.0,3.0,0.0,1.0,4.0,0.0,2256.0,17.0,27159.0,5.0,Married,100.91,3103.0,0.0,11.0,Master,3.0,1.0
0.0,0.0,3.0,13.0,6.0,2.0,16.0,24-02-2030,37.0,1.0,3.0,3.0,6.0,0.0,0.0,0.0,0.0,6.0,,1.0,3.0,0.0,2613.0,162.0,54197.0,7.0,Married,48.59,3090.0,0.0,11.0,Master,3.0,1.0
0.0,0.0,1.0,4.0,2.0,1.0,65.0,11-12-2029,,6.0,1.0,0.0,2.0,0.0,0.0,0.0,0.0,2.0,,0.0,,,8315.0,4.0,34824.0,5.0,Single,31.98,,0.0,11.0,Graduation,3.0,1.0
,,0.0,46.0,,1.0,47.0,26-12-2028,11.0,8.0,,,8.0,0.0,0.0,0.0,0.0,2.0,6.0,0.0,2.0,0.0,880.0,,22634.0,8.0,Together,78.39,3096.0,0.0,11.0,Basic,3.0,2.0
0.0,0.0,0.0,73.0,0.0,5.0,67.0,,93.0,7.0,1.0,2.0,7.0,1.0,0.0,0.0,0.0,5.0,13.0,1.0,4.0,0.0,,146.0,52034.0,,Divorced,68.94,3103.0,0.0,11.0,Master,3.0,4.0
0.0,0.0,1.0,5.0,1.0,,89.0,10-10-2029,6.0,,5.0,0.0,0.0,1.0,0.0,0.0,0.0,3.0,1.0,1.0,2.0,0.0,7791.0,12.0,37054.0,1.0,Married,,3097.0,0.0,11.0,Master,3.0,1.0
0.0,0.0,1.0,12.0,22.0,1.0,18.0,,319.0,1.0,1.0,,33.0,0.0,0.0,0.0,0.0,9.0,102.0,0.0,1.0,0.0,6521.0,613.0,77972.0,4.0,Together,103.44,,,11.0,Graduation,3.0,4.0
1.0,1.0,1.0,182.0,16.0,5.0,25.0,05-12-2028,144.0,8.0,1.0,5.0,28.0,1.0,0.0,,0.0,4.0,5.0,1.0,4.0,0.0,9984.0,349.0,56337.0,4.0,Married,7.55,,1.0,11.0,2n Cycle,3.0,8.0
0.0,0.0,2.0,38.0,,2.0,65.0,26-07-2029,92.0,4.0,0.0,,3.0,1.0,0.0,0.0,0.0,5.0,9.0,,4.0,0.0,4437.0,112.0,65316.0,3.0,,96.28,,0.0,11.0,Graduation,,3.0
0.0,0.0,2.0,10.0,0.0,2.0,77.0,07-03-2029,27.0,7.0,6.0,0.0,8.0,1.0,,0.0,1.0,3.0,30.0,2.0,,0.0,10637.0,24.0,40800.0,10.0,,62.84,3094.0,0.0,11.0,Graduation,3.0,3.0
0.0,0.0,,0.0,3.0,3.0,75.0,18-08-2029,18.0,8.0,1.0,,3.0,1.0,,0.0,0.0,3.0,1.0,0.0,3.0,0.0,11010.0,,16269.0,7.0,Single,,3114.0,0.0,11.0,PhD,3.0,3.0
0.0,0.0,0.0,3.0,1.0,,17.0,08-10-2029,13.0,7.0,2.0,,0.0,1.0,0.0,,0.0,3.0,,,2.0,0.0,3769.0,25.0,,4.0,Together,47.53,3102.0,0.0,11.0,PhD,3.0,1.0
0.0,0.0,,54.0,60.0,2.0,,15-11-2029,241.0,4.0,2.0,5.0,13.0,1.0,0.0,0.0,0.0,,54.0,0.0,2.0,0.0,10281.0,180.0,64713.0,6.0,Divorced,,3100.0,,11.0,Graduation,3.0,5.0
0.0,0.0,1.0,146.0,4.0,2.0,28.0,22-06-2029,62.0,5.0,2.0,1.0,41.0,,0.0,0.0,0.0,7.0,31.0,1.0,5.0,0.0,10928.0,315.0,66886.0,1.0,Together,,3088.0,0.0,11.0,Graduation,3.0,7.0
0.0,0.0,1.0,3.0,2.0,1.0,40.0,16-01-2029,,8.0,,0.0,6.0,1.0,0.0,0.0,0.0,3.0,6.0,0.0,5.0,0.0,,6.0,,8.0,Together,8.75,3102.0,0.0,11.0,Graduation,3.0,1.0
,0.0,1.0,182.0,,2.0,84.0,04-11-2028,79.0,8.0,2.0,2.0,0.0,,0.0,0.0,0.0,4.0,11.0,1.0,2.0,0.0,10144.0,297.0,51369.0,6.0,Together,112.57,3106.0,0.0,11.0,Graduation,3.0,8.0
0.0,,1.0,4.0,1.0,2.0,91.0,02-04-2029,13.0,7.0,3.0,0.0,,1.0,0.0,0.0,0.0,3.0,0.0,1.0,3.0,0.0,6619.0,22.0,38415.0,,Married,66.04,3108.0,,11.0,Graduation,3.0,1.0
0.0,0.0,2.0,5.0,0.0,5.0,48.0,26-04-2029,16.0,7.0,5.0,1.0,0.0,1.0,0.0,1.0,0.0,4.0,0.0,1.0,5.0,0.0,273.0,130.0,36138.0,3.0,Married,72.72,3100.0,0.0,11.0,Master,3.0,3.0
0.0,0.0,0.0,18.0,7.0,4.0,20.0,07-01-2029,58.0,6.0,1.0,1.0,6.0,1.0,0.0,0.0,0.0,4.0,3.0,1.0,3.0,0.0,,79.0,44051.0,8.0,Divorced,,3103.0,1.0,11.0,Master,3.0,3.0
,,3.0,50.0,,6.0,56.0,02-04-2028,108.0,,0.0,1.0,,1.0,,0.0,0.0,6.0,,0.0,4.0,0.0,8685.0,244.0,42014.0,7.0,Married,25.38,3107.0,1.0,11.0,Graduation,3.0,
0.0,0.0,2.0,3.0,2.0,1.0,17.0,17-05-2029,30.0,5.0,2.0,,8.0,1.0,0.0,0.0,0.0,,2.0,0.0,3.0,0.0,6471.0,14.0,36230.0,,,116.97,3101.0,0.0,11.0,,,2.0
0.0,0.0,1.0,13.0,6.0,1.0,38.0,20-08-2028,15.0,9.0,3.0,0.0,11.0,,0.0,,0.0,3.0,7.0,0.0,4.0,0.0,1773.0,5.0,,,Married,13.4,3108.0,0.0,11.0,2n Cycle,3.0,2.0
0.0,0.0,3.0,7.0,5.0,3.0,,03-08-2029,48.0,6.0,3.0,1.0,6.0,2.0,0.0,0.0,0.0,4.0,10.0,1.0,,,,48.0,,7.0,Single,4.03,,0.0,11.0,Graduation,3.0,2.0
0.0,0.0,1.0,35.0,36.0,1.0,96.0,14-06-2030,11.0,2.0,3.0,1.0,3.0,0.0,0.0,0.0,0.0,4.0,26.0,0.0,4.0,0.0,3266.0,14.0,42523.0,,Married,78.43,3094.0,0.0,,Graduation,3.0,1.0
0.0,0.0,1.0,22.0,2.0,0.0,53.0,23-02-2028,1607.0,0.0,1.0,0.0,12.0,0.0,0.0,1.0,0.0,1.0,4.0,0.0,3.0,0.0,8720.0,32.0,,10.0,Together,113.9,3108.0,0.0,11.0,2n Cycle,3.0,0.0
0.0,0.0,2.0,11.0,7.0,1.0,94.0,09-10-2029,,2.0,0.0,4.0,20.0,0.0,0.0,0.0,0.0,6.0,7.0,0.0,,0.0,5896.0,272.0,73395.0,5.0,Married,66.7,3117.0,0.0,11.0,Master,,4.0
0.0,0.0,1.0,40.0,,1.0,96.0,30-08-2028,838.0,2.0,1.0,6.0,133.0,0.0,0.0,0.0,0.0,10.0,,0.0,2.0,0.0,9826.0,899.0,86857.0,,,73.96,3102.0,1.0,11.0,PhD,,5.0
0.0,0.0,0.0,4.0,1.0,2.0,74.0,12-01-2029,12.0,7.0,1.0,0.0,3.0,1.0,0.0,0.0,0.0,3.0,1.0,1.0,1.0,0.0,1461.0,17.0,36921.0,4.0,Divorced,116.19,3095.0,0.0,11.0,,3.0,2.0
0.0,0.0,4.0,28.0,183.0,0.0,32.0,04-05-2030,352.0,0.0,0.0,5.0,184.0,,0.0,0.0,0.0,13.0,,0.0,3.0,0.0,,493.0,92556.0,5.0,Together,94.94,3090.0,0.0,11.0,2n Cycle,3.0,3.0
0.0,0.0,1.0,,129.0,,85.0,30-12-2029,984.0,2.0,1.0,8.0,193.0,0.0,0.0,0.0,0.0,5.0,,0.0,3.0,0.0,1065.0,557.0,80695.0,5.0,Single,91.6,3093.0,0.0,11.0,,3.0,5.0
0.0,,1.0,75.0,0.0,5.0,72.0,23-05-2028,26.0,6.0,2.0,4.0,0.0,0.0,0.0,1.0,,6.0,0.0,1.0,4.0,0.0,7247.0,505.0,47916.0,9.0,Widow,69.54,,0.0,,Graduation,3.0,
0.0,0.0,,35.0,4.0,4.0,71.0,22-02-2029,9.0,7.0,3.0,2.0,,1.0,0.0,0.0,0.0,3.0,,,2.0,0.0,8213.0,6.0,14515.0,8.0,Together,85.19,3110.0,1.0,11.0,2n Cycle,3.0,2.0
1.0,1.0,0.0,101.0,61.0,1.0,31.0,15-11-2030,835.0,1.0,0.0,7.0,80.0,0.0,1.0,0.0,0.0,,20.0,0.0,3.0,1.0,477.0,1060.0,83512.0,10.0,Married,76.68,3116.0,,11.0,Graduation,,4.0
0.0,0.0,2.0,15.0,0.0,1.0,88.0,08-05-2030,21.0,6.0,1.0,1.0,4.0,0.0,0.0,1.0,,6.0,6.0,1.0,2.0,0.0,,274.0,50127.0,7.0,Together,85.75,3092.0,0.0,,Graduation,3.0,5.0
1.0,0.0,2.0,73.0,21.0,2.0,,19-08-2029,250.0,2.0,0.0,2.0,85.0,0.0,0.0,0.0,0.0,8.0,43.0,1.0,3.0,0.0,701.0,707.0,73691.0,8.0,Married,111.18,3101.0,0.0,11.0,Graduation,3.0,
0.0,0.0,2.0,143.0,35.0,3.0,4.0,12-11-2029,322.0,5.0,,2.0,46.0,0.0,,0.0,0.0,11.0,,1.0,3.0,0.0,,,67225.0,,Married,71.65,3085.0,0.0,11.0,Graduation,3.0,7.0
0.0,0.0,1.0,35.0,7.0,2.0,,11-02-2030,82.0,3.0,1.0,2.0,30.0,0.0,0.0,0.0,0.0,9.0,66.0,1.0,4.0,0.0,1142.0,,55707.0,3.0,Married,60.78,3083.0,0.0,11.0,PhD,3.0,3.0
0.0,1.0,2.0,,16.0,2.0,40.0,20-03-2029,272.0,6.0,1.0,3.0,104.0,1.0,0.0,,0.0,6.0,0.0,0.0,2.0,1.0,9121.0,1218.0,,1.0,Married,69.15,3102.0,1.0,11.0,Graduation,3.0,
0.0,0.0,2.0,137.0,0.0,7.0,44.0,18-02-2028,120.0,8.0,1.0,4.0,0.0,0.0,1.0,,0.0,8.0,0.0,1.0,4.0,0.0,10176.0,159.0,,5.0,Single,19.65,3098.0,1.0,11.0,,3.0,4.0
,0.0,2.0,26.0,8.0,5.0,6.0,17-06-2028,83.0,2.0,3.0,2.0,19.0,0.0,0.0,0.0,0.0,9.0,11.0,1.0,4.0,,10862.0,179.0,,9.0,Married,90.72,3090.0,0.0,11.0,Master,3.0,1.0
0.0,0.0,2.0,9.0,3.0,2.0,82.0,,20.0,7.0,1.0,0.0,,1.0,0.0,0.0,0.0,3.0,11.0,0.0,,0.0,4432.0,2.0,31615.0,5.0,Divorced,31.68,3106.0,0.0,11.0,Graduation,3.0,2.0
0.0,0.0,2.0,80.0,,,90.0,,80.0,3.0,2.0,4.0,17.0,0.0,0.0,0.0,0.0,,11.0,1.0,3.0,0.0,450.0,67.0,42315.0,5.0,Together,117.3,3088.0,0.0,11.0,Master,3.0,1.0
0.0,0.0,1.0,119.0,54.0,2.0,,06-09-2028,239.0,7.0,2.0,7.0,99.0,0.0,1.0,1.0,0.0,10.0,98.0,0.0,3.0,,9516.0,620.0,49118.0,8.0,,85.73,3101.0,1.0,,2n Cycle,,
0.0,0.0,2.0,6.0,2.0,2.0,25.0,01-11-2029,,,3.0,0.0,2.0,1.0,0.0,0.0,0.0,4.0,2.0,1.0,3.0,0.0,1523.0,69.0,59041.0,4.0,Married,4.29,3103.0,0.0,11.0,Graduation,3.0,2.0
0.0,0.0,1.0,,3.0,,3.0,28-08-2028,50.0,8.0,0.0,1.0,,0.0,0.0,0.0,,6.0,3.0,1.0,3.0,0.0,11133.0,322.0,48432.0,5.0,YOLO,95.17,,1.0,11.0,PhD,3.0,7.0
0.0,0.0,1.0,7.0,23.0,4.0,96.0,23-07-2028,38.0,9.0,2.0,1.0,30.0,1.0,0.0,0.0,0.0,3.0,18.0,0.0,,0.0,3270.0,12.0,17117.0,3.0,Together,93.06,3108.0,,11.0,2n Cycle,3.0,3.0
0.0,0.0,2.0,2.0,,2.0,48.0,20-06-2029,6.0,7.0,0.0,1.0,0.0,0.0,,0.0,0.0,5.0,0.0,1.0,3.0,0.0,5922.0,210.0,40344.0,4.0,Married,105.64,3104.0,0.0,11.0,PhD,3.0,4.0
,0.0,2.0,53.0,70.0,1.0,65.0,08-11-2029,239.0,2.0,0.0,4.0,103.0,1.0,0.0,0.0,0.0,4.0,88.0,0.0,3.0,0.0,,407.0,70886.0,1.0,Married,100.45,3101.0,0.0,11.0,Graduation,,5.0
0.0,0.0,1.0,48.0,1.0,2.0,28.0,29-11-2029,57.0,2.0,3.0,1.0,19.0,0.0,0.0,0.0,0.0,5.0,11.0,1.0,3.0,0.0,3551.0,62.0,,9.0,Together,4.55,3084.0,0.0,11.0,Master,3.0,
0.0,0.0,1.0,3.0,0.0,2.0,65.0,18-06-2029,9.0,6.0,,0.0,0.0,1.0,0.0,0.0,,3.0,0.0,1.0,,0.0,8553.0,30.0,44300.0,3.0,Married,33.95,3095.0,0.0,11.0,Graduation,3.0,1.0
0.0,0.0,0.0,11.0,4.0,1.0,72.0,08-11-2028,73.0,,3.0,1.0,15.0,0.0,0.0,,0.0,7.0,,0.0,3.0,0.0,,127.0,54165.0,7.0,Together,55.87,3099.0,0.0,11.0,Graduation,3.0,2.0
0.0,0.0,1.0,19.0,,3.0,75.0,05-10-2028,23.0,9.0,4.0,0.0,4.0,1.0,0.0,0.0,0.0,3.0,,0.0,4.0,0.0,6856.0,14.0,21645.0,8.0,Together,80.82,3109.0,1.0,11.0,,,3.0
1.0,1.0,2.0,33.0,22.0,1.0,,27-10-2029,500.0,2.0,1.0,8.0,210.0,0.0,0.0,0.0,0.0,5.0,143.0,0.0,2.0,1.0,4789.0,769.0,80812.0,10.0,Together,110.98,,0.0,11.0,,3.0,
0.0,0.0,,59.0,59.0,2.0,38.0,10-10-2029,107.0,4.0,1.0,4.0,,0.0,0.0,0.0,0.0,,101.0,1.0,3.0,0.0,,275.0,77353.0,9.0,Married,54.96,3110.0,0.0,11.0,Graduation,3.0,6.0
0.0,0.0,,34.0,,3.0,99.0,26-08-2029,309.0,4.0,5.0,3.0,,,0.0,0.0,,5.0,26.0,,4.0,0.0,9977.0,321.0,,7.0,Divorced,114.85,3103.0,0.0,11.0,Graduation,3.0,
0.0,0.0,0.0,47.0,28.0,2.0,31.0,17-09-2028,142.0,8.0,3.0,2.0,49.0,0.0,0.0,0.0,0.0,9.0,18.0,1.0,2.0,0.0,2882.0,711.0,67893.0,3.0,Divorced,119.99,3105.0,0.0,11.0,2n Cycle,3.0,3.0
0.0,0.0,2.0,14.0,,1.0,91.0,22-04-2029,573.0,2.0,4.0,8.0,0.0,,0.0,0.0,,10.0,29.0,0.0,2.0,0.0,10590.0,794.0,76542.0,5.0,Together,46.87,3086.0,0.0,11.0,PhD,3.0,4.0
0.0,0.0,2.0,41.0,91.0,3.0,73.0,14-11-2028,248.0,5.0,2.0,,64.0,0.0,0.0,0.0,,13.0,49.0,0.0,1.0,0.0,10299.0,389.0,,10.0,Single,117.53,3099.0,1.0,,,3.0,
0.0,0.0,3.0,12.0,7.0,2.0,34.0,03-06-2029,9.0,8.0,1.0,0.0,13.0,1.0,0.0,0.0,0.0,3.0,6.0,0.0,3.0,0.0,7034.0,8.0,25804.0,3.0,Married,64.68,,0.0,,2n Cycle,3.0,2.0
0.0,0.0,,93.0,120.0,1.0,95.0,27-09-2029,414.0,5.0,,6.0,121.0,0.0,0.0,0.0,0.0,5.0,80.0,0.0,4.0,0.0,2254.0,627.0,69520.0,4.0,,118.04,3113.0,0.0,,Graduation,3.0,9.0
0.0,0.0,1.0,116.0,34.0,,13.0,26-07-2029,41.0,,1.0,2.0,73.0,1.0,,0.0,0.0,3.0,16.0,0.0,2.0,0.0,9701.0,32.0,41883.0,1.0,Together,65.61,3118.0,0.0,,Graduation,3.0,4.0
0.0,0.0,2.0,30.0,17.0,5.0,63.0,19-01-2030,171.0,6.0,1.0,2.0,39.0,1.0,0.0,,0.0,5.0,0.0,0.0,4.0,0.0,5763.0,123.0,49854.0,8.0,Together,18.44,,0.0,11.0,Master,3.0,6.0
,0.0,1.0,12.0,0.0,4.0,19.0,20-08-2029,23.0,8.0,2.0,1.0,0.0,0.0,0.0,0.0,0.0,5.0,0.0,1.0,4.0,0.0,4967.0,,38201.0,,Together,66.56,3090.0,0.0,11.0,PhD,3.0,5.0
0.0,0.0,1.0,8.0,17.0,1.0,65.0,16-10-2029,177.0,2.0,,3.0,69.0,0.0,0.0,0.0,1.0,5.0,0.0,0.0,2.0,0.0,6142.0,629.0,65073.0,6.0,Married,5.32,3073.0,0.0,11.0,Master,3.0,5.0
,0.0,2.0,38.0,19.0,1.0,38.0,07-07-2028,,,2.0,4.0,,0.0,0.0,1.0,,9.0,0.0,1.0,1.0,1.0,,158.0,78028.0,1.0,Widow,101.15,3086.0,1.0,11.0,,3.0,6.0
,0.0,2.0,,3.0,1.0,16.0,07-12-2028,4.0,8.0,2.0,0.0,4.0,1.0,0.0,,0.0,2.0,,0.0,4.0,0.0,9530.0,5.0,24645.0,5.0,Married,81.88,3118.0,0.0,11.0,Graduation,3.0,1.0
,0.0,2.0,3.0,,1.0,13.0,13-02-2029,7.0,8.0,4.0,0.0,0.0,1.0,,0.0,0.0,,1.0,0.0,4.0,0.0,8234.0,1.0,27190.0,1.0,Together,19.24,3103.0,1.0,11.0,,3.0,1.0
0.0,0.0,0.0,23.0,0.0,4.0,72.0,17-09-2028,87.0,7.0,2.0,,4.0,1.0,,0.0,0.0,5.0,11.0,1.0,3.0,0.0,6653.0,293.0,55158.0,5.0,Married,60.91,,1.0,11.0,PhD,,7.0
,,1.0,57.0,,2.0,8.0,09-07-2029,240.0,4.0,2.0,7.0,50.0,0.0,0.0,0.0,0.0,10.0,19.0,1.0,3.0,0.0,1570.0,664.0,69702.0,3.0,Together,,3081.0,0.0,11.0,PhD,3.0,7.0
0.0,0.0,1.0,20.0,61.0,1.0,98.0,01-10-2029,757.0,3.0,2.0,,186.0,0.0,0.0,1.0,0.0,10.0,,0.0,3.0,0.0,313.0,901.0,73455.0,,Widow,69.27,3098.0,0.0,11.0,Graduation,3.0,6.0
0.0,0.0,5.0,131.0,107.0,3.0,87.0,25-08-2029,,4.0,2.0,2.0,7.0,0.0,,0.0,0.0,11.0,59.0,1.0,5.0,0.0,,197.0,54753.0,4.0,Together,9.3,3089.0,0.0,11.0,Graduation,3.0,
0.0,,1.0,0.0,1.0,1.0,49.0,18-08-2029,7.0,4.0,0.0,0.0,,1.0,0.0,0.0,0.0,3.0,,2.0,5.0,0.0,9283.0,8.0,60199.0,3.0,Single,8.67,3108.0,0.0,11.0,,3.0,
0.0,0.0,,112.0,5.0,8.0,9.0,23-10-2028,91.0,8.0,5.0,3.0,28.0,,0.0,0.0,0.0,7.0,26.0,1.0,3.0,0.0,8897.0,392.0,42720.0,1.0,Single,16.74,3095.0,1.0,11.0,Graduation,3.0,7.0
0.0,0.0,2.0,59.0,138.0,6.0,49.0,02-01-2029,65.0,5.0,2.0,2.0,60.0,,0.0,0.0,0.0,12.0,26.0,1.0,3.0,0.0,8939.0,382.0,61250.0,9.0,Divorced,82.9,,,11.0,Graduation,3.0,5.0
0.0,0.0,0.0,42.0,24.0,7.0,90.0,10-06-2028,103.0,8.0,,,12.0,1.0,0.0,0.0,0.0,6.0,3.0,2.0,3.0,0.0,4148.0,164.0,,10.0,Married,26.73,3102.0,0.0,11.0,Graduation,3.0,5.0
1.0,0.0,1.0,145.0,29.0,1.0,82.0,26-04-2029,92.0,8.0,,2.0,28.0,1.0,0.0,0.0,0.0,3.0,10.0,0.0,3.0,0.0,983.0,110.0,40059.0,3.0,Married,44.56,3114.0,0.0,11.0,Graduation,3.0,6.0
0.0,1.0,2.0,200.0,30.0,1.0,85.0,18-03-2030,415.0,,3.0,5.0,63.0,0.0,,0.0,0.0,4.0,33.0,0.0,4.0,0.0,4998.0,292.0,,9.0,Together,118.04,,0.0,11.0,,3.0,4.0
0.0,,2.0,,4.0,,76.0,18-05-2028,15.0,8.0,3.0,0.0,7.0,1.0,0.0,0.0,0.0,3.0,6.0,0.0,4.0,,2258.0,8.0,32880.0,9.0,Married,71.27,,,,Graduation,3.0,1.0
0.0,0.0,1.0,29.0,129.0,4.0,17.0,01-10-2028,495.0,7.0,4.0,,182.0,0.0,0.0,,0.0,4.0,,1.0,2.0,0.0,1092.0,269.0,61014.0,10.0,Married,78.39,3110.0,0.0,11.0,Graduation,3.0,9.0
0.0,0.0,0.0,26.0,3.0,3.0,67.0,22-05-2030,19.0,7.0,1.0,0.0,4.0,,0.0,0.0,0.0,3.0,5.0,0.0,4.0,0.0,,19.0,22944.0,,Single,81.59,3111.0,0.0,11.0,,3.0,3.0
0.0,0.0,1.0,2.0,0.0,2.0,68.0,14-08-2030,10.0,5.0,,0.0,0.0,1.0,0.0,1.0,0.0,4.0,0.0,1.0,,0.0,2115.0,,50116.0,2.0,Together,103.33,3087.0,0.0,11.0,Graduation,3.0,1.0
0.0,0.0,,1.0,1.0,1.0,23.0,01-08-2030,2.0,5.0,3.0,0.0,0.0,1.0,0.0,,0.0,3.0,0.0,0.0,2.0,0.0,,16.0,36802.0,5.0,Single,18.51,3110.0,0.0,11.0,PhD,3.0,1.0
0.0,,0.0,57.0,3.0,4.0,48.0,19-03-2029,30.0,6.0,3.0,2.0,4.0,0.0,0.0,0.0,0.0,5.0,0.0,,2.0,0.0,9665.0,267.0,54237.0,6.0,Divorced,92.01,3087.0,0.0,11.0,,3.0,5.0
0.0,0.0,2.0,5.0,0.0,1.0,31.0,27-03-2029,6.0,,1.0,0.0,4.0,1.0,0.0,0.0,0.0,2.0,1.0,0.0,4.0,0.0,933.0,9.0,37717.0,6.0,Married,63.3,,0.0,11.0,PhD,3.0,1.0
0.0,0.0,3.0,35.0,107.0,1.0,2.0,29-01-2029,309.0,6.0,3.0,5.0,140.0,1.0,0.0,0.0,0.0,13.0,80.0,,3.0,0.0,7022.0,739.0,76445.0,8.0,Married,66.98,3101.0,0.0,11.0,Graduation,3.0,2.0
0.0,0.0,1.0,12.0,6.0,4.0,38.0,20-11-2028,45.0,6.0,3.0,1.0,8.0,1.0,,0.0,0.0,6.0,9.0,1.0,3.0,0.0,326.0,235.0,51148.0,6.0,Married,90.9,3103.0,0.0,,Graduation,3.0,5.0
0.0,0.0,3.0,25.0,5.0,4.0,5.0,28-02-2029,4.0,,3.0,1.0,13.0,1.0,0.0,0.0,0.0,3.0,4.0,1.0,3.0,0.0,10641.0,6.0,7500.0,1.0,Single,81.09,,,11.0,Graduation,3.0,2.0
0.0,0.0,,9.0,1.0,2.0,31.0,03-04-2028,3.0,,2.0,0.0,10.0,1.0,0.0,0.0,0.0,3.0,6.0,,3.0,,5342.0,0.0,9548.0,,Divorced,40.51,3106.0,0.0,11.0,Basic,3.0,1.0
0.0,0.0,0.0,50.0,,3.0,,21-06-2028,14.0,9.0,5.0,1.0,15.0,0.0,,0.0,0.0,,22.0,0.0,3.0,0.0,9909.0,3.0,7500.0,2.0,,71.79,,,11.0,2n Cycle,3.0,3.0
0.0,,2.0,42.0,4.0,6.0,45.0,02-09-2028,33.0,7.0,1.0,1.0,0.0,1.0,0.0,0.0,0.0,,2.0,1.0,2.0,0.0,10821.0,182.0,57113.0,,Married,36.42,3108.0,0.0,11.0,Graduation,3.0,4.0
0.0,0.0,0.0,85.0,66.0,1.0,86.0,07-05-2029,408.0,2.0,0.0,4.0,37.0,0.0,0.0,0.0,0.0,6.0,57.0,0.0,,0.0,3170.0,389.0,68148.0,,Together,80.54,3087.0,,11.0,Master,3.0,4.0
0.0,0.0,,40.0,13.0,2.0,74.0,,76.0,,6.0,1.0,20.0,,0.0,0.0,0.0,,18.0,0.0,3.0,0.0,7930.0,101.0,26877.0,5.0,Single,15.11,3099.0,0.0,11.0,Master,3.0,
0.0,0.0,3.0,4.0,0.0,1.0,23.0,15-07-2030,8.0,9.0,1.0,0.0,,1.0,0.0,0.0,0.0,2.0,1.0,0.0,3.0,0.0,1818.0,25.0,29732.0,,Together,,3101.0,0.0,,PhD,3.0,2.0
0.0,,2.0,7.0,,1.0,86.0,23-09-2030,25.0,7.0,0.0,0.0,6.0,0.0,0.0,0.0,0.0,3.0,3.0,0.0,2.0,0.0,7937.0,10.0,24711.0,8.0,Married,111.68,3112.0,0.0,11.0,Graduation,3.0,3.0
0.0,0.0,4.0,26.0,3.0,7.0,60.0,14-07-2029,77.0,7.0,1.0,3.0,10.0,2.0,0.0,0.0,0.0,5.0,3.0,,2.0,0.0,11171.0,292.0,56962.0,2.0,Married,105.97,3095.0,0.0,11.0,Master,3.0,6.0
0.0,0.0,0.0,15.0,12.0,7.0,47.0,,84.0,5.0,1.0,1.0,13.0,1.0,,0.0,0.0,,,1.0,3.0,0.0,5633.0,97.0,50183.0,1.0,Married,82.98,3110.0,0.0,11.0,Graduation,3.0,3.0
0.0,0.0,,20.0,5.0,1.0,27.0,22-10-2029,44.0,5.0,3.0,1.0,0.0,0.0,0.0,0.0,0.0,5.0,10.0,1.0,3.0,0.0,1029.0,200.0,64413.0,8.0,Together,87.55,3100.0,0.0,11.0,PhD,3.0,5.0
1.0,,4.0,64.0,25.0,,7.0,25-09-2029,292.0,6.0,,8.0,130.0,1.0,0.0,0.0,0.0,6.0,41.0,0.0,5.0,0.0,1212.0,384.0,52845.0,2.0,Married,118.81,3103.0,0.0,11.0,Graduation,3.0,8.0
1.0,,2.0,31.0,1.0,3.0,97.0,11-12-2028,56.0,7.0,,2.0,0.0,1.0,0.0,0.0,,3.0,1.0,,,0.0,9925.0,,39665.0,3.0,Together,,3111.0,0.0,11.0,PhD,3.0,4.0
,0.0,1.0,144.0,3.0,2.0,20.0,26-12-2028,27.0,,4.0,,4.0,0.0,,,0.0,4.0,3.0,1.0,2.0,0.0,2942.0,305.0,45906.0,2.0,,,3094.0,0.0,11.0,Graduation,3.0,
0.0,0.0,1.0,26.0,0.0,,55.0,17-04-2029,22.0,7.0,1.0,2.0,3.0,0.0,0.0,0.0,,2.0,1.0,1.0,2.0,0.0,9739.0,62.0,34377.0,10.0,,66.66,3093.0,0.0,11.0,Graduation,3.0,2.0
0.0,0.0,1.0,57.0,172.0,2.0,97.0,15-05-2029,153.0,4.0,,6.0,150.0,0.0,0.0,,0.0,11.0,105.0,1.0,3.0,0.0,8602.0,412.0,69932.0,7.0,Divorced,110.69,3094.0,0.0,11.0,Graduation,3.0,7.0
0.0,0.0,0.0,23.0,0.0,2.0,2.0,06-01-2030,12.0,7.0,1.0,1.0,0.0,1.0,0.0,0.0,0.0,2.0,2.0,1.0,3.0,0.0,1857.0,46.0,47139.0,9.0,Single,117.36,3082.0,1.0,,Graduation,3.0,2.0
0.0,0.0,0.0,0.0,0.0,1.0,86.0,17-07-2029,3.0,7.0,,0.0,0.0,1.0,0.0,0.0,0.0,,,1.0,3.0,0.0,6825.0,13.0,41452.0,3.0,Together,64.55,3083.0,0.0,11.0,Graduation,3.0,1.0
0.0,0.0,3.0,38.0,50.0,1.0,28.0,22-11-2029,420.0,4.0,1.0,4.0,65.0,0.0,0.0,0.0,0.0,7.0,38.0,0.0,2.0,0.0,10163.0,712.0,82733.0,4.0,Single,99.1,,1.0,,PhD,3.0,8.0
0.0,0.0,0.0,29.0,,3.0,39.0,15-10-2029,,8.0,1.0,0.0,3.0,1.0,0.0,,0.0,4.0,8.0,0.0,2.0,0.0,898.0,,,3.0,Married,51.13,3116.0,0.0,11.0,Graduation,3.0,3.0
,0.0,1.0,5.0,,1.0,58.0,,2.0,9.0,0.0,0.0,0.0,1.0,,0.0,0.0,2.0,11.0,0.0,4.0,0.0,5181.0,2.0,24367.0,7.0,Single,60.26,3112.0,0.0,11.0,Basic,3.0,1.0
0.0,0.0,3.0,20.0,71.0,2.0,50.0,18-08-2029,174.0,2.0,4.0,8.0,13.0,,0.0,0.0,0.0,11.0,10.0,1.0,3.0,0.0,,750.0,69805.0,6.0,Together,74.98,,0.0,,,3.0,6.0
0.0,0.0,1.0,,61.0,3.0,89.0,,338.0,,1.0,5.0,60.0,1.0,0.0,0.0,0.0,13.0,46.0,,4.0,0.0,3426.0,1045.0,70300.0,6.0,Divorced,75.83,,0.0,11.0,Graduation,3.0,
0.0,,1.0,25.0,8.0,5.0,57.0,09-01-2030,44.0,6.0,,1.0,10.0,1.0,0.0,0.0,0.0,4.0,10.0,1.0,,0.0,8726.0,,41713.0,2.0,Divorced,17.31,3094.0,0.0,11.0,2n Cycle,,3.0
0.0,0.0,1.0,6.0,7.0,1.0,,19-07-2029,4.0,6.0,0.0,0.0,3.0,0.0,0.0,0.0,0.0,3.0,4.0,1.0,3.0,0.0,10390.0,6.0,26887.0,3.0,Married,25.15,,0.0,11.0,2n Cycle,3.0,1.0
0.0,0.0,3.0,7.0,7.0,2.0,59.0,24-04-2030,115.0,6.0,1.0,4.0,19.0,0.0,0.0,,,9.0,7.0,1.0,1.0,0.0,5186.0,576.0,58482.0,3.0,Married,55.47,3085.0,0.0,11.0,PhD,3.0,7.0
1.0,0.0,2.0,130.0,74.0,1.0,43.0,20-07-2029,929.0,2.0,4.0,6.0,97.0,0.0,1.0,0.0,0.0,7.0,55.0,0.0,4.0,1.0,5848.0,724.0,81205.0,8.0,Together,31.13,3100.0,1.0,11.0,Graduation,3.0,5.0
0.0,0.0,2.0,,35.0,2.0,59.0,24-03-2030,172.0,5.0,0.0,2.0,56.0,,0.0,0.0,0.0,10.0,,1.0,3.0,0.0,7165.0,381.0,64474.0,3.0,Together,41.19,3102.0,0.0,11.0,Graduation,3.0,8.0
0.0,0.0,1.0,10.0,2.0,4.0,92.0,,128.0,8.0,2.0,,23.0,1.0,0.0,0.0,,5.0,7.0,0.0,4.0,0.0,1764.0,100.0,33955.0,2.0,Single,42.46,3105.0,0.0,11.0,Graduation,3.0,5.0
0.0,1.0,1.0,114.0,114.0,1.0,,03-06-2029,108.0,3.0,1.0,9.0,179.0,0.0,0.0,0.0,0.0,9.0,,0.0,6.0,,4216.0,822.0,91065.0,5.0,Single,,3111.0,1.0,11.0,Graduation,3.0,7.0
0.0,0.0,1.0,48.0,60.0,2.0,7.0,17-11-2029,207.0,5.0,1.0,6.0,,0.0,0.0,,0.0,,,0.0,2.0,0.0,2930.0,852.0,68092.0,8.0,Single,77.5,3108.0,0.0,11.0,,3.0,2.0
0.0,0.0,0.0,34.0,0.0,3.0,65.0,20-05-2028,45.0,8.0,6.0,2.0,,0.0,1.0,1.0,0.0,11.0,0.0,1.0,3.0,0.0,10872.0,1103.0,55212.0,9.0,Married,65.14,3099.0,0.0,11.0,PhD,,4.0
0.0,0.0,2.0,141.0,26.0,1.0,21.0,06-04-2029,195.0,2.0,,4.0,34.0,0.0,0.0,0.0,0.0,13.0,17.0,0.0,,0.0,7881.0,620.0,66835.0,4.0,Married,112.29,3076.0,0.0,11.0,Master,3.0,6.0
0.0,0.0,3.0,61.0,12.0,1.0,91.0,,23.0,4.0,1.0,1.0,29.0,0.0,0.0,0.0,0.0,4.0,15.0,1.0,3.0,0.0,2246.0,,46891.0,6.0,Married,30.61,3095.0,0.0,11.0,2n Cycle,3.0,2.0
0.0,0.0,0.0,69.0,0.0,6.0,72.0,05-04-2029,239.0,4.0,6.0,7.0,90.0,0.0,0.0,0.0,0.0,9.0,69.0,1.0,4.0,0.0,3732.0,393.0,52750.0,4.0,Married,100.94,,0.0,11.0,Master,3.0,5.0
0.0,0.0,2.0,,1.0,3.0,68.0,15-01-2030,21.0,7.0,5.0,1.0,2.0,,0.0,0.0,0.0,3.0,3.0,0.0,3.0,0.0,9491.0,14.0,23976.0,3.0,Together,37.44,3114.0,0.0,11.0,Graduation,,3.0
,0.0,0.0,61.0,30.0,,8.0,06-05-2030,214.0,3.0,6.0,5.0,80.0,,0.0,0.0,0.0,,30.0,1.0,2.0,0.0,8235.0,428.0,69245.0,10.0,Together,26.58,3086.0,0.0,11.0,Master,3.0,6.0
0.0,0.0,2.0,49.0,25.0,1.0,61.0,27-12-2028,607.0,2.0,,6.0,67.0,0.0,0.0,0.0,0.0,7.0,17.0,,2.0,0.0,2802.0,196.0,87000.0,1.0,Married,35.56,3122.0,0.0,11.0,2n Cycle,,4.0
0.0,0.0,0.0,22.0,137.0,3.0,48.0,02-06-2029,401.0,5.0,3.0,5.0,,,0.0,0.0,1.0,11.0,22.0,1.0,1.0,0.0,7966.0,505.0,80982.0,4.0,Single,47.02,3089.0,0.0,11.0,,,11.0
,0.0,,24.0,1.0,1.0,63.0,26-09-2028,7.0,7.0,1.0,1.0,0.0,1.0,0.0,,0.0,2.0,4.0,1.0,3.0,0.0,,23.0,40851.0,5.0,Divorced,8.74,3101.0,0.0,11.0,Graduation,,1.0
0.0,0.0,2.0,40.0,0.0,3.0,14.0,,,6.0,,1.0,6.0,0.0,0.0,0.0,0.0,6.0,4.0,1.0,3.0,0.0,,383.0,57705.0,9.0,Married,61.55,3096.0,0.0,11.0,PhD,3.0,8.0
0.0,0.0,3.0,16.0,9.0,4.0,,04-04-2030,11.0,8.0,0.0,1.0,,1.0,0.0,0.0,0.0,3.0,,0.0,2.0,0.0,9481.0,9.0,17148.0,4.0,,86.08,3106.0,0.0,11.0,Graduation,3.0,3.0
0.0,0.0,2.0,10.0,,2.0,86.0,12-04-2029,,4.0,0.0,0.0,2.0,1.0,0.0,0.0,0.0,4.0,2.0,1.0,4.0,0.0,10466.0,24.0,44393.0,10.0,Married,34.08,3095.0,0.0,11.0,Graduation,3.0,1.0
0.0,0.0,1.0,66.0,9.0,11.0,26.0,22-08-2029,180.0,4.0,1.0,3.0,12.0,1.0,0.0,0.0,0.0,5.0,19.0,2.0,2.0,0.0,1081.0,733.0,75283.0,8.0,Married,,,0.0,11.0,PhD,3.0,6.0
0.0,0.0,2.0,6.0,4.0,1.0,87.0,28-06-2028,12.0,5.0,3.0,0.0,2.0,1.0,0.0,0.0,0.0,3.0,2.0,1.0,3.0,,2902.0,19.0,,,Together,57.81,3088.0,0.0,11.0,Graduation,3.0,1.0
0.0,,2.0,5.0,,1.0,28.0,,12.0,4.0,4.0,0.0,0.0,1.0,0.0,0.0,0.0,3.0,,,4.0,0.0,626.0,22.0,32871.0,6.0,Married,36.62,3081.0,0.0,11.0,Graduation,3.0,1.0
0.0,0.0,1.0,19.0,6.0,,9.0,19-02-2030,73.0,,1.0,1.0,8.0,1.0,0.0,0.0,0.0,6.0,4.0,0.0,4.0,0.0,3376.0,125.0,55282.0,9.0,Divorced,80.14,3100.0,0.0,,Master,3.0,
0.0,0.0,3.0,10.0,4.0,,95.0,22-08-2029,2.0,5.0,1.0,0.0,,1.0,,0.0,0.0,4.0,6.0,1.0,3.0,0.0,2661.0,12.0,18701.0,9.0,Single,84.96,,0.0,,Graduation,,2.0
0.0,0.0,3.0,23.0,4.0,1.0,7.0,02-05-2030,5.0,3.0,3.0,,10.0,0.0,,0.0,0.0,,5.0,1.0,,0.0,2546.0,23.0,31878.0,4.0,Single,4.92,3107.0,0.0,,2n Cycle,3.0,1.0
0.0,0.0,1.0,18.0,0.0,1.0,15.0,10-12-2028,8.0,6.0,,0.0,23.0,0.0,0.0,0.0,0.0,4.0,4.0,,1.0,0.0,1876.0,32.0,18929.0,6.0,Married,61.67,3120.0,0.0,,Graduation,3.0,1.0
0.0,0.0,0.0,5.0,1.0,1.0,,29-12-2029,17.0,7.0,0.0,0.0,0.0,0.0,0.0,,0.0,4.0,1.0,1.0,1.0,0.0,8286.0,98.0,51717.0,6.0,Together,59.77,3095.0,0.0,11.0,PhD,3.0,3.0
0.0,0.0,1.0,2.0,0.0,1.0,52.0,11-02-2030,1.0,7.0,3.0,0.0,,1.0,0.0,0.0,0.0,,3.0,0.0,4.0,0.0,9960.0,0.0,26868.0,5.0,Single,24.9,3121.0,0.0,11.0,Basic,3.0,1.0
0.0,0.0,1.0,1.0,,2.0,86.0,,7.0,5.0,1.0,0.0,0.0,1.0,0.0,0.0,0.0,3.0,0.0,1.0,3.0,0.0,231.0,24.0,28839.0,10.0,Together,64.5,3086.0,0.0,11.0,Master,,
0.0,0.0,1.0,35.0,83.0,2.0,23.0,18-12-2028,267.0,,2.0,2.0,85.0,0.0,0.0,0.0,0.0,,59.0,0.0,4.0,0.0,10643.0,,42000.0,5.0,Single,103.23,3117.0,1.0,11.0,PhD,3.0,5.0
1.0,0.0,2.0,139.0,9.0,6.0,22.0,,125.0,7.0,2.0,1.0,25.0,1.0,,0.0,0.0,8.0,4.0,0.0,3.0,,10846.0,,43783.0,7.0,Married,92.88,3108.0,0.0,11.0,Master,3.0,7.0
0.0,0.0,,2.0,6.0,2.0,19.0,25-06-2029,15.0,6.0,3.0,0.0,10.0,1.0,0.0,0.0,0.0,3.0,,0.0,4.0,,,6.0,29009.0,,Married,112.66,3111.0,0.0,11.0,Graduation,3.0,2.0
0.0,0.0,1.0,,,4.0,48.0,28-05-2029,,6.0,1.0,1.0,0.0,1.0,,0.0,,5.0,4.0,,4.0,0.0,286.0,95.0,44213.0,6.0,Single,71.22,3082.0,0.0,11.0,Graduation,3.0,
0.0,0.0,0.0,4.0,0.0,1.0,99.0,01-10-2030,7.0,,1.0,0.0,0.0,0.0,0.0,0.0,0.0,3.0,0.0,,3.0,0.0,868.0,54.0,,10.0,Married,107.88,3096.0,0.0,11.0,Graduation,3.0,2.0
,0.0,2.0,13.0,2.0,2.0,60.0,03-02-2029,8.0,7.0,3.0,1.0,4.0,1.0,0.0,0.0,0.0,2.0,3.0,0.0,3.0,0.0,234.0,1.0,15287.0,7.0,Divorced,74.98,3109.0,1.0,11.0,Graduation,3.0,1.0
0.0,0.0,1.0,,23.0,,65.0,19-03-2029,15.0,8.0,1.0,0.0,0.0,1.0,0.0,,0.0,3.0,,0.0,,0.0,8686.0,5.0,23724.0,3.0,Together,111.93,3109.0,0.0,11.0,Basic,3.0,2.0
0.0,,,9.0,,1.0,50.0,18-10-2029,4.0,8.0,4.0,0.0,3.0,1.0,0.0,0.0,0.0,2.0,,0.0,,0.0,1176.0,2.0,26228.0,6.0,Married,115.7,3103.0,0.0,11.0,Graduation,3.0,
0.0,0.0,2.0,22.0,6.0,4.0,0.0,17-02-2030,57.0,4.0,2.0,1.0,13.0,1.0,0.0,0.0,0.0,5.0,13.0,1.0,3.0,0.0,10521.0,63.0,54809.0,1.0,Married,118.63,,1.0,11.0,Graduation,,2.0
0.0,0.0,0.0,4.0,,2.0,99.0,01-09-2029,6.0,5.0,2.0,1.0,2.0,0.0,0.0,0.0,0.0,3.0,0.0,1.0,,0.0,8595.0,,42429.0,2.0,Widow,107.99,,0.0,,Graduation,3.0,1.0
0.0,0.0,0.0,1.0,0.0,2.0,35.0,01-02-2029,8.0,6.0,1.0,0.0,0.0,1.0,,0.0,0.0,3.0,0.0,0.0,3.0,0.0,5304.0,24.0,30899.0,3.0,Single,103.3,3104.0,,11.0,PhD,,1.0
0.0,0.0,1.0,32.0,0.0,,,12-11-2028,171.0,8.0,2.0,2.0,8.0,1.0,0.0,0.0,0.0,8.0,19.0,1.0,4.0,,5430.0,454.0,54450.0,2.0,Together,61.98,3086.0,0.0,,Graduation,,9.0
0.0,0.0,1.0,7.0,0.0,1.0,48.0,15-11-2028,2.0,8.0,1.0,0.0,0.0,1.0,0.0,,0.0,2.0,0.0,0.0,3.0,0.0,8254.0,14.0,34596.0,2.0,Married,,3104.0,0.0,11.0,PhD,3.0,1.0
,0.0,2.0,3.0,6.0,,4.0,25-03-2029,69.0,7.0,2.0,1.0,4.0,0.0,0.0,,0.0,5.0,12.0,1.0,3.0,0.0,3025.0,212.0,49967.0,1.0,Single,30.53,3088.0,0.0,11.0,Graduation,3.0,6.0
0.0,0.0,,19.0,,2.0,37.0,20-02-2028,83.0,7.0,,1.0,7.0,0.0,0.0,0.0,0.0,4.0,19.0,1.0,3.0,0.0,10591.0,63.0,,7.0,Widow,39.64,3099.0,0.0,11.0,,3.0,4.0
0.0,1.0,2.0,84.0,21.0,1.0,35.0,01-11-2029,925.0,,0.0,7.0,,0.0,0.0,0.0,0.0,9.0,24.0,0.0,4.0,1.0,10489.0,693.0,92955.0,,Married,,3103.0,1.0,11.0,Graduation,3.0,6.0
0.0,0.0,2.0,19.0,6.0,5.0,88.0,20-03-2029,65.0,7.0,0.0,2.0,0.0,1.0,0.0,1.0,0.0,8.0,6.0,1.0,,0.0,8132.0,565.0,60631.0,,,116.62,3105.0,0.0,11.0,PhD,3.0,9.0
0.0,0.0,2.0,12.0,,1.0,99.0,19-04-2030,3.0,8.0,4.0,0.0,7.0,0.0,0.0,0.0,0.0,3.0,6.0,0.0,4.0,0.0,2106.0,0.0,20130.0,8.0,Married,8.97,,0.0,11.0,2n Cycle,3.0,1.0
0.0,0.0,0.0,30.0,0.0,1.0,54.0,16-11-2029,30.0,6.0,4.0,0.0,12.0,1.0,,0.0,0.0,4.0,1.0,0.0,2.0,0.0,8008.0,46.0,36075.0,1.0,Together,115.58,3113.0,0.0,11.0,Graduation,3.0,2.0
,0.0,1.0,6.0,0.0,1.0,49.0,08-01-2029,7.0,5.0,1.0,0.0,2.0,0.0,0.0,0.0,0.0,3.0,0.0,1.0,4.0,0.0,9347.0,31.0,50943.0,1.0,Together,2.75,3086.0,0.0,,Master,3.0,1.0
0.0,0.0,1.0,33.0,,1.0,,,,5.0,0.0,2.0,86.0,0.0,0.0,0.0,0.0,5.0,99.0,,3.0,0.0,8278.0,863.0,74214.0,,Married,36.89,3120.0,0.0,11.0,PhD,3.0,8.0
0.0,0.0,2.0,4.0,0.0,1.0,94.0,09-06-2030,29.0,5.0,0.0,0.0,0.0,1.0,0.0,0.0,0.0,3.0,5.0,0.0,,0.0,6534.0,29.0,47889.0,3.0,Together,75.83,,0.0,11.0,Graduation,3.0,2.0
,0.0,1.0,,47.0,2.0,74.0,03-09-2029,188.0,2.0,1.0,4.0,54.0,0.0,0.0,0.0,0.0,10.0,47.0,,2.0,0.0,5057.0,264.0,61794.0,5.0,Married,116.39,3091.0,0.0,11.0,Master,3.0,
0.0,0.0,0.0,,8.0,4.0,34.0,06-11-2029,32.0,4.0,,1.0,7.0,0.0,0.0,0.0,0.0,8.0,2.0,1.0,2.0,0.0,,,46086.0,9.0,Divorced,38.7,,0.0,11.0,Graduation,3.0,3.0
0.0,0.0,2.0,12.0,1.0,3.0,34.0,17-01-2030,31.0,6.0,,1.0,4.0,,0.0,,0.0,4.0,4.0,1.0,2.0,0.0,,79.0,33316.0,1.0,Single,2.66,,0.0,11.0,Master,3.0,2.0
,,2.0,16.0,4.0,1.0,29.0,30-07-2030,20.0,5.0,0.0,0.0,6.0,1.0,0.0,0.0,,3.0,3.0,0.0,2.0,0.0,5961.0,8.0,42693.0,5.0,Married,45.05,3108.0,,11.0,Graduation,3.0,1.0
0.0,0.0,1.0,15.0,47.0,1.0,36.0,30-01-2029,655.0,2.0,4.0,5.0,145.0,0.0,0.0,0.0,0.0,12.0,111.0,0.0,3.0,0.0,4418.0,671.0,89616.0,2.0,Single,,3113.0,1.0,11.0,Master,3.0,7.0
0.0,0.0,2.0,47.0,61.0,2.0,18.0,14-01-2029,204.0,,1.0,1.0,34.0,0.0,0.0,0.0,,7.0,26.0,,2.0,0.0,7384.0,113.0,39767.0,8.0,Together,22.56,3081.0,0.0,11.0,Master,3.0,7.0
0.0,0.0,1.0,3.0,1.0,2.0,78.0,21-11-2029,21.0,7.0,2.0,0.0,2.0,1.0,0.0,0.0,0.0,3.0,2.0,1.0,4.0,0.0,11092.0,12.0,27116.0,9.0,Married,,3091.0,0.0,11.0,,3.0,
0.0,,1.0,14.0,2.0,1.0,13.0,19-12-2029,,6.0,3.0,,4.0,0.0,0.0,0.0,0.0,3.0,3.0,0.0,5.0,0.0,9635.0,66.0,35876.0,1.0,Married,25.86,3113.0,0.0,,Master,3.0,
0.0,0.0,2.0,11.0,3.0,2.0,52.0,08-10-2029,7.0,6.0,2.0,0.0,0.0,1.0,,0.0,0.0,3.0,2.0,0.0,5.0,0.0,6340.0,3.0,29938.0,4.0,Single,112.52,3115.0,0.0,11.0,Graduation,3.0,1.0
0.0,0.0,2.0,49.0,16.0,3.0,36.0,11-04-2028,141.0,8.0,1.0,3.0,32.0,,0.0,,0.0,6.0,41.0,2.0,4.0,0.0,9949.0,598.0,59809.0,1.0,Married,66.83,3106.0,0.0,11.0,Graduation,3.0,3.0
,1.0,1.0,241.0,144.0,1.0,91.0,27-01-2030,133.0,1.0,3.0,,94.0,0.0,0.0,0.0,0.0,5.0,192.0,0.0,4.0,1.0,10394.0,675.0,90000.0,9.0,Married,103.73,3114.0,,11.0,Graduation,3.0,4.0
0.0,0.0,2.0,15.0,5.0,4.0,,,53.0,8.0,0.0,1.0,0.0,0.0,0.0,0.0,0.0,4.0,5.0,1.0,2.0,0.0,3846.0,192.0,42557.0,4.0,Married,81.58,3104.0,0.0,11.0,Graduation,3.0,6.0
0.0,,1.0,128.0,32.0,,4.0,02-11-2028,849.0,4.0,4.0,3.0,229.0,0.0,0.0,0.0,0.0,6.0,48.0,0.0,4.0,0.0,7233.0,496.0,69209.0,9.0,Married,71.67,3102.0,0.0,,Graduation,3.0,5.0
0.0,0.0,1.0,89.0,53.0,3.0,38.0,14-09-2029,98.0,5.0,0.0,5.0,81.0,0.0,0.0,0.0,0.0,10.0,179.0,1.0,4.0,0.0,8925.0,512.0,70053.0,,,67.61,3095.0,0.0,11.0,Master,3.0,8.0
0.0,0.0,1.0,70.0,,4.0,70.0,22-10-2029,282.0,4.0,1.0,3.0,137.0,1.0,0.0,0.0,,12.0,35.0,0.0,3.0,0.0,7646.0,218.0,64449.0,8.0,,33.85,3119.0,0.0,11.0,Graduation,3.0,5.0
0.0,,1.0,2.0,2.0,1.0,51.0,23-05-2030,10.0,6.0,2.0,0.0,3.0,1.0,0.0,0.0,0.0,3.0,0.0,0.0,2.0,0.0,9467.0,3.0,34738.0,9.0,,,3114.0,0.0,11.0,Graduation,3.0,1.0
,0.0,2.0,18.0,42.0,1.0,27.0,,24.0,7.0,1.0,1.0,15.0,0.0,0.0,0.0,0.0,4.0,20.0,0.0,4.0,0.0,2929.0,18.0,20180.0,8.0,Single,109.45,3106.0,0.0,11.0,Graduation,3.0,2.0
0.0,0.0,4.0,52.0,13.0,9.0,62.0,12-01-2029,,6.0,4.0,2.0,,,0.0,0.0,0.0,7.0,4.0,,2.0,0.0,1165.0,239.0,50729.0,10.0,,119.79,3088.0,0.0,11.0,PhD,3.0,6.0
0.0,0.0,4.0,38.0,19.0,1.0,95.0,15-03-2028,832.0,3.0,3.0,5.0,75.0,0.0,,0.0,0.0,11.0,118.0,0.0,4.0,0.0,,456.0,68655.0,8.0,Single,49.01,3118.0,0.0,11.0,Graduation,3.0,4.0
0.0,0.0,2.0,32.0,8.0,1.0,92.0,13-03-2029,12.0,7.0,2.0,1.0,11.0,,0.0,0.0,0.0,2.0,15.0,0.0,1.0,0.0,6941.0,17.0,31632.0,6.0,Single,34.28,3101.0,,11.0,Graduation,3.0,2.0
0.0,0.0,1.0,13.0,,2.0,13.0,04-12-2029,3.0,7.0,1.0,0.0,8.0,1.0,0.0,0.0,0.0,3.0,1.0,0.0,4.0,0.0,7600.0,1.0,15253.0,9.0,Single,44.93,3122.0,0.0,,Basic,3.0,1.0
0.0,0.0,1.0,9.0,11.0,2.0,96.0,14-08-2028,5.0,8.0,3.0,0.0,4.0,1.0,,0.0,0.0,3.0,6.0,0.0,3.0,0.0,456.0,1.0,7500.0,8.0,Married,102.08,3116.0,0.0,11.0,2n Cycle,3.0,2.0
0.0,0.0,3.0,33.0,178.0,1.0,85.0,16-05-2030,178.0,3.0,1.0,3.0,103.0,0.0,0.0,0.0,0.0,10.0,39.0,1.0,,0.0,2712.0,184.0,71866.0,1.0,Married,47.82,,0.0,11.0,Graduation,3.0,
0.0,0.0,1.0,47.0,2.0,3.0,24.0,09-12-2028,39.0,7.0,5.0,1.0,3.0,0.0,0.0,0.0,0.0,4.0,2.0,1.0,4.0,0.0,5991.0,173.0,48150.0,4.0,Married,51.4,3079.0,0.0,11.0,Master,3.0,5.0
1.0,,1.0,37.0,0.0,5.0,30.0,20-03-2029,50.0,6.0,2.0,4.0,6.0,1.0,0.0,0.0,0.0,3.0,11.0,1.0,,,271.0,154.0,40590.0,4.0,Widow,72.3,3099.0,0.0,11.0,Graduation,3.0,3.0
0.0,0.0,1.0,13.0,3.0,2.0,59.0,,25.0,8.0,0.0,0.0,,1.0,0.0,0.0,0.0,3.0,1.0,0.0,3.0,0.0,10236.0,16.0,31160.0,8.0,Single,92.94,3105.0,0.0,11.0,,3.0,2.0
0.0,0.0,1.0,49.0,149.0,1.0,,25-10-2029,815.0,3.0,4.0,7.0,173.0,0.0,0.0,,0.0,12.0,49.0,0.0,2.0,0.0,6203.0,499.0,74485.0,8.0,Together,105.87,3077.0,0.0,11.0,,3.0,6.0
0.0,0.0,1.0,12.0,0.0,1.0,14.0,31-08-2028,21.0,8.0,0.0,0.0,7.0,0.0,0.0,0.0,0.0,3.0,0.0,1.0,3.0,0.0,1970.0,63.0,34053.0,3.0,Together,56.29,3098.0,0.0,11.0,Master,3.0,3.0
0.0,0.0,2.0,66.0,7.0,1.0,,13-08-2029,149.0,2.0,1.0,1.0,20.0,,0.0,0.0,0.0,8.0,15.0,1.0,3.0,0.0,1672.0,204.0,65640.0,3.0,Together,15.03,,0.0,11.0,PhD,3.0,5.0
0.0,0.0,2.0,7.0,4.0,1.0,82.0,26-07-2028,3.0,8.0,1.0,0.0,8.0,1.0,0.0,0.0,,3.0,9.0,0.0,3.0,0.0,5692.0,1.0,25443.0,1.0,Married,,,0.0,11.0,Basic,3.0,1.0
0.0,1.0,1.0,17.0,26.0,2.0,97.0,04-10-2030,70.0,4.0,5.0,3.0,11.0,0.0,0.0,0.0,0.0,4.0,44.0,2.0,4.0,0.0,8439.0,734.0,63404.0,7.0,Together,,3094.0,0.0,11.0,Graduation,3.0,6.0
0.0,0.0,1.0,34.0,83.0,1.0,8.0,12-09-2029,88.0,3.0,0.0,2.0,32.0,,0.0,0.0,0.0,10.0,14.0,1.0,3.0,0.0,232.0,279.0,61559.0,1.0,Single,18.34,3095.0,0.0,11.0,Graduation,3.0,4.0
0.0,0.0,0.0,,7.0,3.0,10.0,01-06-2030,31.0,6.0,4.0,1.0,,1.0,0.0,0.0,0.0,3.0,4.0,0.0,4.0,0.0,2634.0,,16653.0,5.0,Single,115.41,3109.0,1.0,11.0,Master,,2.0
0.0,0.0,1.0,,0.0,1.0,,21-05-2030,7.0,6.0,1.0,0.0,3.0,1.0,0.0,0.0,,3.0,1.0,0.0,2.0,0.0,8514.0,8.0,29478.0,9.0,Together,,3106.0,0.0,11.0,Graduation,3.0,
0.0,0.0,2.0,11.0,35.0,4.0,,,83.0,4.0,0.0,2.0,7.0,0.0,0.0,0.0,0.0,12.0,29.0,,2.0,,3598.0,441.0,62710.0,10.0,Married,,3102.0,0.0,11.0,Graduation,3.0,4.0
0.0,0.0,1.0,106.0,,3.0,59.0,25-04-2029,238.0,5.0,1.0,5.0,23.0,0.0,,,0.0,11.0,24.0,1.0,2.0,0.0,3673.0,371.0,55239.0,1.0,Single,,,0.0,11.0,Graduation,3.0,7.0
0.0,0.0,1.0,,66.0,,27.0,13-01-2030,400.0,4.0,1.0,3.0,12.0,0.0,0.0,0.0,0.0,13.0,38.0,1.0,3.0,0.0,6694.0,438.0,75236.0,3.0,Married,78.22,,0.0,11.0,Graduation,3.0,8.0
0.0,1.0,1.0,33.0,99.0,0.0,25.0,27-12-2029,812.0,1.0,3.0,6.0,151.0,0.0,0.0,,0.0,5.0,82.0,,3.0,,1592.0,,90765.0,10.0,Married,73.12,3100.0,,11.0,Graduation,3.0,4.0
0.0,0.0,1.0,61.0,12.0,1.0,91.0,,,4.0,1.0,1.0,29.0,,0.0,,0.0,4.0,15.0,1.0,3.0,0.0,,43.0,46891.0,8.0,Married,29.68,3095.0,0.0,,2n Cycle,,2.0
0.0,0.0,1.0,,1.0,1.0,11.0,23-03-2029,4.0,6.0,6.0,0.0,,1.0,0.0,0.0,0.0,2.0,2.0,1.0,4.0,0.0,1183.0,9.0,36408.0,6.0,Married,52.06,3079.0,0.0,11.0,Master,3.0,1.0
,0.0,1.0,8.0,1.0,,83.0,03-09-2030,8.0,6.0,2.0,0.0,0.0,1.0,0.0,0.0,0.0,3.0,0.0,1.0,4.0,0.0,3722.0,31.0,44503.0,5.0,Single,85.58,3102.0,0.0,11.0,Graduation,3.0,
0.0,0.0,1.0,28.0,98.0,1.0,21.0,15-07-2029,,3.0,2.0,8.0,110.0,0.0,0.0,0.0,0.0,5.0,112.0,0.0,3.0,1.0,5204.0,380.0,74538.0,8.0,Together,78.45,3101.0,1.0,11.0,Graduation,3.0,8.0
0.0,0.0,0.0,0.0,25.0,1.0,83.0,19-04-2030,420.0,1.0,1.0,8.0,16.0,0.0,0.0,0.0,0.0,9.0,38.0,0.0,4.0,0.0,2416.0,789.0,66582.0,10.0,Single,47.38,3099.0,0.0,,PhD,3.0,2.0
0.0,0.0,2.0,1.0,2.0,2.0,49.0,,10.0,8.0,3.0,0.0,0.0,1.0,0.0,0.0,0.0,3.0,0.0,1.0,2.0,0.0,5513.0,27.0,37758.0,2.0,,80.28,,,11.0,Graduation,3.0,1.0
0.0,0.0,2.0,102.0,76.0,2.0,3.0,18-02-2029,536.0,4.0,,,82.0,,0.0,0.0,0.0,5.0,178.0,1.0,1.0,0.0,,421.0,80011.0,9.0,Married,13.38,3110.0,0.0,11.0,Graduation,,8.0
0.0,0.0,2.0,0.0,1.0,1.0,83.0,07-05-2030,19.0,,3.0,1.0,2.0,0.0,0.0,0.0,0.0,3.0,7.0,1.0,4.0,0.0,7326.0,34.0,56850.0,4.0,Married,,3101.0,0.0,11.0,Master,3.0,1.0
0.0,0.0,1.0,3.0,7.0,3.0,54.0,06-02-2029,34.0,8.0,2.0,0.0,10.0,1.0,0.0,0.0,0.0,3.0,2.0,,,0.0,7842.0,18.0,36065.0,5.0,Single,,3098.0,0.0,11.0,Graduation,3.0,3.0
0.0,0.0,1.0,,0.0,2.0,2.0,30-03-2030,43.0,5.0,2.0,2.0,6.0,,0.0,0.0,0.0,4.0,2.0,1.0,2.0,0.0,3066.0,167.0,,8.0,Together,35.64,3105.0,0.0,11.0,PhD,3.0,4.0
1.0,0.0,,,0.0,5.0,30.0,,50.0,6.0,1.0,4.0,6.0,1.0,0.0,0.0,0.0,3.0,11.0,,4.0,0.0,7699.0,154.0,40590.0,4.0,Widow,53.68,3099.0,0.0,11.0,Graduation,3.0,3.0
,0.0,1.0,6.0,3.0,1.0,1.0,07-11-2028,,8.0,1.0,0.0,6.0,,0.0,0.0,,3.0,5.0,0.0,2.0,0.0,,13.0,32300.0,1.0,Married,84.19,,0.0,11.0,Graduation,,1.0
0.0,0.0,2.0,27.0,76.0,1.0,2.0,25-08-2028,184.0,,2.0,3.0,180.0,0.0,0.0,0.0,0.0,4.0,138.0,1.0,3.0,1.0,5341.0,983.0,81975.0,1.0,Divorced,,3092.0,0.0,11.0,2n Cycle,3.0,6.0
1.0,0.0,2.0,34.0,10.0,6.0,34.0,12-12-2028,101.0,9.0,0.0,2.0,13.0,0.0,0.0,,0.0,9.0,10.0,1.0,3.0,0.0,2072.0,896.0,,9.0,Together,80.53,3099.0,1.0,,PhD,3.0,
,0.0,1.0,25.0,0.0,1.0,32.0,,12.0,7.0,2.0,,,0.0,0.0,,0.0,5.0,0.0,0.0,5.0,0.0,8104.0,241.0,53312.0,6.0,Married,31.56,,0.0,11.0,PhD,3.0,5.0
0.0,0.0,1.0,59.0,59.0,1.0,78.0,02-04-2029,913.0,3.0,3.0,9.0,25.0,0.0,0.0,0.0,0.0,6.0,19.0,0.0,5.0,1.0,,,74918.0,5.0,Together,73.17,3099.0,0.0,11.0,Graduation,,5.0
0.0,0.0,3.0,,,1.0,74.0,17-09-2028,29.0,7.0,4.0,1.0,0.0,0.0,0.0,1.0,0.0,7.0,0.0,1.0,2.0,0.0,6218.0,,59594.0,5.0,Married,75.19,,,11.0,Graduation,3.0,8.0
,1.0,4.0,20.0,0.0,1.0,,19-10-2029,101.0,4.0,3.0,,0.0,0.0,0.0,,0.0,13.0,0.0,,4.0,0.0,9855.0,899.0,62000.0,,Single,14.88,3082.0,0.0,11.0,PhD,3.0,6.0
,0.0,2.0,130.0,54.0,1.0,54.0,18-10-2029,348.0,2.0,2.0,4.0,71.0,0.0,0.0,0.0,0.0,8.0,54.0,,4.0,0.0,1232.0,587.0,70038.0,5.0,Together,80.87,3112.0,0.0,11.0,PhD,3.0,4.0
0.0,0.0,2.0,17.0,17.0,2.0,91.0,27-01-2030,170.0,7.0,,,34.0,0.0,0.0,0.0,0.0,10.0,26.0,1.0,5.0,0.0,10678.0,653.0,71232.0,,Together,101.61,,0.0,11.0,Graduation,3.0,11.0
0.0,0.0,2.0,42.0,45.0,,,14-03-2028,3.0,8.0,2.0,1.0,4.0,1.0,0.0,0.0,0.0,3.0,6.0,0.0,2.0,0.0,10395.0,1.0,8940.0,2.0,Single,12.8,3116.0,0.0,11.0,Basic,3.0,3.0
1.0,1.0,2.0,63.0,54.0,1.0,38.0,09-03-2029,845.0,3.0,1.0,7.0,,0.0,0.0,0.0,0.0,10.0,133.0,0.0,3.0,0.0,4856.0,556.0,82347.0,4.0,Married,62.86,3087.0,0.0,,2n Cycle,3.0,7.0
0.0,0.0,1.0,12.0,,2.0,52.0,01-09-2030,11.0,5.0,1.0,0.0,10.0,1.0,0.0,0.0,0.0,,6.0,0.0,3.0,0.0,5987.0,,10404.0,4.0,Together,110.07,3119.0,0.0,11.0,2n Cycle,3.0,
0.0,0.0,1.0,98.0,4.0,7.0,64.0,08-01-2029,93.0,6.0,2.0,6.0,12.0,1.0,0.0,0.0,0.0,4.0,9.0,1.0,5.0,0.0,773.0,379.0,42835.0,6.0,Divorced,,3101.0,0.0,11.0,Master,,6.0
0.0,0.0,1.0,91.0,6.0,5.0,29.0,29-06-2029,157.0,7.0,2.0,3.0,25.0,1.0,0.0,0.0,0.0,7.0,91.0,,6.0,0.0,1518.0,379.0,62694.0,7.0,Married,56.44,,0.0,11.0,Master,3.0,9.0
0.0,0.0,0.0,7.0,5.0,5.0,,17-09-2028,59.0,8.0,3.0,0.0,7.0,1.0,0.0,0.0,0.0,4.0,1.0,1.0,2.0,0.0,6230.0,110.0,44421.0,4.0,,40.49,3101.0,0.0,11.0,Graduation,3.0,
1.0,0.0,0.0,26.0,8.0,1.0,,,29.0,7.0,,2.0,0.0,1.0,0.0,0.0,0.0,2.0,12.0,0.0,3.0,0.0,,19.0,28647.0,1.0,Single,27.53,3108.0,1.0,,Graduation,3.0,2.0
0.0,0.0,,12.0,1.0,3.0,1.0,21-10-2028,33.0,8.0,1.0,0.0,13.0,1.0,0.0,0.0,0.0,4.0,12.0,0.0,3.0,,3657.0,94.0,39146.0,10.0,Single,84.96,3116.0,0.0,11.0,Graduation,3.0,4.0
0.0,0.0,3.0,16.0,8.0,1.0,3.0,30-10-2029,6.0,7.0,2.0,0.0,4.0,0.0,0.0,0.0,,3.0,8.0,0.0,,0.0,9612.0,1.0,23830.0,1.0,Single,99.5,3117.0,0.0,11.0,2n Cycle,3.0,1.0
0.0,0.0,1.0,,3.0,2.0,80.0,10-11-2029,,,1.0,0.0,3.0,1.0,0.0,0.0,0.0,,,0.0,3.0,0.0,2952.0,29.0,36273.0,9.0,Single,52.12,3107.0,,11.0,Master,,3.0
0.0,0.0,0.0,11.0,57.0,,23.0,03-07-2030,242.0,4.0,2.0,,,0.0,0.0,0.0,0.0,6.0,0.0,1.0,3.0,0.0,7861.0,820.0,77027.0,9.0,Married,24.65,3082.0,0.0,11.0,Master,3.0,8.0
1.0,1.0,2.0,37.0,51.0,1.0,85.0,25-11-2029,415.0,3.0,0.0,8.0,90.0,0.0,0.0,0.0,0.0,11.0,69.0,0.0,3.0,0.0,6049.0,1142.0,73450.0,8.0,Together,,3112.0,,11.0,Master,3.0,7.0
0.0,0.0,2.0,17.0,,6.0,,12-02-2030,28.0,4.0,3.0,1.0,3.0,1.0,0.0,0.0,0.0,6.0,,1.0,,0.0,3050.0,185.0,54198.0,,,7.08,3096.0,0.0,11.0,Graduation,3.0,3.0
0.0,0.0,1.0,50.0,0.0,3.0,42.0,,,4.0,0.0,6.0,119.0,,0.0,0.0,0.0,12.0,50.0,,3.0,0.0,4679.0,721.0,,6.0,Married,79.89,3107.0,0.0,11.0,Master,3.0,7.0
0.0,0.0,0.0,30.0,61.0,1.0,82.0,,480.0,2.0,,4.0,225.0,0.0,,,0.0,8.0,112.0,0.0,3.0,0.0,2125.0,194.0,63033.0,8.0,Divorced,113.09,3089.0,0.0,11.0,Graduation,3.0,3.0
0.0,0.0,1.0,134.0,0.0,2.0,,05-05-2029,522.0,2.0,3.0,,227.0,0.0,0.0,0.0,0.0,5.0,,1.0,4.0,,10736.0,522.0,72258.0,10.0,Single,99.77,3101.0,0.0,11.0,Graduation,3.0,6.0
0.0,0.0,1.0,14.0,1.0,1.0,96.0,03-08-2028,108.0,8.0,4.0,1.0,29.0,0.0,0.0,0.0,,4.0,29.0,0.0,4.0,0.0,3921.0,24.0,28457.0,2.0,Widow,109.26,,0.0,11.0,2n Cycle,3.0,4.0
0.0,0.0,,7.0,1.0,1.0,95.0,30-03-2028,,7.0,1.0,0.0,2.0,1.0,0.0,0.0,,,0.0,1.0,4.0,0.0,1890.0,11.0,42033.0,9.0,Together,119.41,3101.0,0.0,11.0,2n Cycle,3.0,1.0
0.0,,3.0,54.0,43.0,3.0,63.0,,337.0,6.0,2.0,6.0,42.0,0.0,0.0,,0.0,9.0,87.0,1.0,2.0,0.0,8727.0,587.0,63693.0,9.0,,37.33,3108.0,0.0,11.0,Graduation,,11.0
0.0,0.0,1.0,154.0,42.0,1.0,93.0,15-03-2029,450.0,2.0,2.0,10.0,55.0,0.0,0.0,0.0,0.0,8.0,56.0,0.0,3.0,0.0,6262.0,816.0,,3.0,Single,,3092.0,0.0,,Master,3.0,3.0
0.0,0.0,2.0,108.0,36.0,1.0,6.0,04-01-2029,21.0,8.0,0.0,1.0,20.0,0.0,0.0,0.0,0.0,3.0,62.0,0.0,4.0,0.0,8151.0,16.0,24279.0,1.0,Married,83.28,3120.0,0.0,11.0,,3.0,4.0
0.0,0.0,0.0,19.0,3.0,2.0,91.0,04-09-2029,39.0,8.0,2.0,1.0,0.0,0.0,0.0,0.0,0.0,4.0,0.0,1.0,4.0,0.0,7755.0,350.0,,1.0,Married,58.11,3084.0,0.0,11.0,PhD,3.0,9.0
0.0,,1.0,17.0,4.0,2.0,27.0,,13.0,,6.0,0.0,15.0,0.0,0.0,0.0,0.0,4.0,8.0,0.0,2.0,0.0,8420.0,7.0,15315.0,9.0,Married,29.32,,0.0,11.0,2n Cycle,3.0,2.0
0.0,0.0,3.0,10.0,,1.0,31.0,06-07-2029,10.0,4.0,3.0,0.0,,,0.0,,0.0,3.0,5.0,1.0,3.0,,,,54162.0,5.0,Widow,59.27,3108.0,0.0,11.0,Graduation,3.0,1.0
0.0,1.0,2.0,17.0,0.0,3.0,1.0,25-04-2030,21.0,8.0,0.0,1.0,0.0,0.0,0.0,1.0,0.0,7.0,0.0,1.0,4.0,0.0,5794.0,408.0,46374.0,6.0,Married,20.77,3104.0,1.0,11.0,PhD,3.0,7.0
0.0,,3.0,,35.0,1.0,93.0,01-07-2028,553.0,2.0,2.0,4.0,72.0,0.0,0.0,0.0,0.0,9.0,,0.0,4.0,0.0,8204.0,482.0,78041.0,6.0,Married,15.92,3101.0,0.0,11.0,2n Cycle,3.0,4.0
0.0,0.0,1.0,68.0,0.0,,,03-10-2028,226.0,,2.0,2.0,51.0,0.0,0.0,0.0,0.0,4.0,,0.0,3.0,0.0,7462.0,,22507.0,8.0,Single,38.91,3084.0,0.0,11.0,Graduation,,10.0
0.0,0.0,2.0,28.0,5.0,,20.0,08-11-2028,38.0,7.0,1.0,1.0,150.0,0.0,0.0,0.0,0.0,6.0,12.0,0.0,,0.0,4939.0,84.0,37760.0,8.0,Together,7.16,3076.0,0.0,11.0,Graduation,3.0,4.0
0.0,0.0,1.0,,0.0,2.0,41.0,07-11-2028,35.0,7.0,0.0,1.0,6.0,1.0,0.0,0.0,1.0,,4.0,0.0,2.0,0.0,3710.0,19.0,39684.0,,Single,44.39,,1.0,11.0,PhD,3.0,
0.0,,1.0,76.0,115.0,3.0,21.0,25-07-2029,215.0,4.0,3.0,3.0,169.0,1.0,0.0,0.0,0.0,13.0,69.0,0.0,4.0,0.0,10099.0,238.0,,1.0,Married,77.06,,0.0,11.0,Graduation,3.0,5.0
,0.0,2.0,,4.0,1.0,43.0,03-01-2029,16.0,8.0,3.0,0.0,0.0,1.0,0.0,,0.0,3.0,4.0,0.0,4.0,0.0,9738.0,65.0,42386.0,6.0,Together,51.85,,,11.0,Master,3.0,3.0
0.0,0.0,3.0,4.0,0.0,4.0,38.0,01-09-2028,10.0,5.0,0.0,0.0,0.0,1.0,0.0,0.0,0.0,4.0,0.0,1.0,4.0,0.0,2156.0,,22554.0,1.0,Married,38.72,3085.0,0.0,11.0,PhD,3.0,2.0
0.0,0.0,2.0,5.0,4.0,,2.0,01-04-2029,,5.0,3.0,0.0,0.0,1.0,0.0,0.0,0.0,3.0,4.0,0.0,3.0,0.0,3112.0,2.0,22701.0,10.0,Married,43.85,3107.0,0.0,11.0,Master,3.0,1.0
,0.0,2.0,,0.0,1.0,21.0,12-09-2029,2.0,6.0,1.0,0.0,0.0,1.0,0.0,0.0,0.0,2.0,0.0,1.0,3.0,0.0,5493.0,15.0,39356.0,8.0,,58.14,3106.0,0.0,11.0,Graduation,3.0,
0.0,0.0,2.0,2.0,0.0,,35.0,23-12-2029,5.0,,1.0,0.0,2.0,1.0,0.0,0.0,0.0,2.0,1.0,0.0,1.0,,5423.0,6.0,28359.0,9.0,Together,114.11,3113.0,0.0,11.0,Graduation,3.0,1.0
,0.0,1.0,95.0,47.0,4.0,78.0,08-04-2028,494.0,8.0,1.0,3.0,82.0,1.0,0.0,0.0,0.0,6.0,47.0,1.0,1.0,0.0,6749.0,957.0,86358.0,2.0,Single,103.64,,0.0,11.0,,3.0,5.0
0.0,0.0,1.0,40.0,,1.0,3.0,02-03-2030,356.0,2.0,1.0,4.0,,0.0,0.0,0.0,,7.0,50.0,0.0,3.0,0.0,9888.0,,68695.0,9.0,Together,56.75,3099.0,0.0,11.0,Graduation,3.0,4.0
0.0,1.0,,43.0,,2.0,56.0,03-09-2028,454.0,2.0,1.0,4.0,,0.0,0.0,,,5.0,,0.0,,1.0,737.0,1493.0,,,Married,15.4,3079.0,0.0,11.0,PhD,3.0,4.0
0.0,1.0,1.0,81.0,27.0,0.0,80.0,04-09-2028,103.0,5.0,2.0,9.0,106.0,0.0,1.0,1.0,0.0,4.0,54.0,0.0,3.0,1.0,1509.0,152.0,84460.0,,Together,49.85,3088.0,1.0,11.0,PhD,3.0,9.0
0.0,0.0,1.0,27.0,3.0,,17.0,26-04-2029,31.0,7.0,1.0,1.0,4.0,1.0,0.0,0.0,,3.0,4.0,0.0,4.0,0.0,3629.0,76.0,38557.0,6.0,Single,30.29,3108.0,0.0,11.0,Graduation,,3.0
0.0,0.0,1.0,,120.0,3.0,78.0,23-06-2029,204.0,,1.0,,16.0,1.0,0.0,0.0,0.0,7.0,126.0,0.0,1.0,0.0,5883.0,138.0,77981.0,1.0,,49.12,3102.0,0.0,11.0,Graduation,3.0,7.0
0.0,0.0,,48.0,,0.0,47.0,06-09-2029,746.0,3.0,2.0,7.0,94.0,0.0,0.0,0.0,0.0,,29.0,0.0,3.0,1.0,6248.0,1276.0,91712.0,9.0,,70.72,3077.0,1.0,11.0,Master,3.0,9.0
0.0,,,3.0,0.0,2.0,18.0,18-07-2030,8.0,5.0,3.0,0.0,0.0,1.0,0.0,0.0,0.0,3.0,0.0,1.0,3.0,,,26.0,44319.0,6.0,,73.59,3105.0,0.0,11.0,Master,3.0,2.0
0.0,0.0,1.0,,1.0,3.0,72.0,17-01-2030,21.0,5.0,1.0,1.0,0.0,1.0,0.0,0.0,0.0,4.0,4.0,1.0,5.0,0.0,5283.0,93.0,42473.0,3.0,Single,47.1,3106.0,0.0,11.0,PhD,3.0,2.0
,0.0,1.0,1.0,0.0,1.0,85.0,25-03-2030,3.0,6.0,1.0,0.0,0.0,1.0,0.0,0.0,0.0,2.0,0.0,1.0,,0.0,8663.0,11.0,39996.0,9.0,Divorced,65.42,3104.0,0.0,11.0,Graduation,3.0,1.0
0.0,0.0,0.0,81.0,152.0,1.0,66.0,13-09-2030,335.0,2.0,1.0,4.0,93.0,0.0,0.0,0.0,0.0,6.0,91.0,0.0,2.0,0.0,2669.0,375.0,74293.0,1.0,Single,86.45,3123.0,0.0,11.0,Graduation,3.0,5.0
0.0,0.0,0.0,174.0,0.0,6.0,24.0,04-11-2028,,8.0,1.0,,0.0,0.0,0.0,0.0,0.0,10.0,0.0,1.0,4.0,0.0,9760.0,953.0,52278.0,,Widow,59.15,3093.0,1.0,11.0,,3.0,10.0
1.0,0.0,1.0,69.0,2.0,4.0,70.0,03-04-2028,35.0,7.0,2.0,2.0,0.0,1.0,0.0,0.0,0.0,,1.0,1.0,5.0,0.0,,,38097.0,4.0,Married,83.67,3100.0,1.0,11.0,,3.0,3.0
0.0,0.0,1.0,2.0,2.0,2.0,,30-05-2029,7.0,7.0,3.0,0.0,0.0,1.0,0.0,,0.0,3.0,1.0,1.0,4.0,,11100.0,51.0,51813.0,7.0,Divorced,29.62,3102.0,0.0,11.0,Graduation,3.0,2.0
0.0,0.0,1.0,,9.0,1.0,80.0,27-12-2029,7.0,6.0,1.0,0.0,2.0,0.0,0.0,0.0,0.0,3.0,14.0,0.0,,0.0,8312.0,,28249.0,1.0,Married,21.3,3091.0,0.0,,Basic,,2.0
0.0,0.0,1.0,183.0,38.0,2.0,99.0,,279.0,3.0,4.0,,188.0,,0.0,0.0,0.0,10.0,38.0,1.0,3.0,0.0,2831.0,453.0,,2.0,Together,65.11,3106.0,0.0,11.0,Graduation,3.0,7.0
0.0,0.0,3.0,5.0,0.0,1.0,72.0,28-08-2029,1.0,8.0,2.0,,2.0,0.0,0.0,0.0,,,,0.0,4.0,0.0,10364.0,0.0,23295.0,2.0,Divorced,110.06,3089.0,0.0,11.0,Graduation,3.0,1.0
0.0,0.0,1.0,5.0,27.0,6.0,53.0,01-06-2030,68.0,6.0,3.0,,52.0,,0.0,0.0,0.0,5.0,7.0,1.0,2.0,0.0,4954.0,106.0,48195.0,6.0,Married,54.76,3086.0,0.0,,Graduation,3.0,4.0
0.0,0.0,0.0,9.0,,2.0,8.0,11-07-2030,6.0,7.0,0.0,1.0,0.0,0.0,0.0,0.0,0.0,4.0,0.0,1.0,3.0,0.0,7408.0,216.0,54549.0,10.0,Married,79.47,3082.0,0.0,11.0,PhD,3.0,5.0
0.0,0.0,2.0,45.0,137.0,1.0,27.0,06-04-2030,400.0,1.0,0.0,4.0,45.0,0.0,0.0,0.0,0.0,10.0,,0.0,2.0,0.0,486.0,434.0,84219.0,6.0,,44.51,3118.0,0.0,11.0,Graduation,3.0,3.0
0.0,0.0,1.0,26.0,97.0,1.0,38.0,26-02-2029,97.0,4.0,3.0,2.0,21.0,0.0,0.0,0.0,0.0,10.0,118.0,1.0,3.0,,2499.0,204.0,,2.0,Single,50.73,3088.0,0.0,,2n Cycle,,5.0
0.0,0.0,,20.0,21.0,,72.0,10-03-2029,,1.0,2.0,2.0,26.0,,,0.0,,5.0,20.0,0.0,1.0,1.0,,532.0,86580.0,4.0,Married,21.33,3113.0,0.0,11.0,PhD,,
1.0,0.0,2.0,66.0,,1.0,68.0,17-07-2030,147.0,,0.0,,54.0,0.0,0.0,0.0,0.0,,,1.0,4.0,0.0,4138.0,411.0,,8.0,Single,104.71,3092.0,0.0,11.0,Graduation,3.0,5.0
0.0,0.0,3.0,107.0,76.0,3.0,,10-04-2029,428.0,7.0,5.0,4.0,,0.0,,0.0,0.0,9.0,137.0,1.0,5.0,0.0,9451.0,811.0,73538.0,6.0,Married,110.96,3095.0,0.0,11.0,Graduation,3.0,10.0
0.0,0.0,2.0,18.0,16.0,3.0,76.0,11-03-2030,37.0,,3.0,1.0,7.0,1.0,0.0,0.0,0.0,5.0,9.0,1.0,2.0,0.0,8360.0,111.0,,10.0,Married,0.86,3101.0,,,,3.0,3.0
0.0,0.0,2.0,,7.0,4.0,26.0,02-01-2029,134.0,,3.0,,37.0,0.0,0.0,0.0,0.0,10.0,14.0,1.0,2.0,0.0,1012.0,523.0,61823.0,2.0,Single,34.27,3082.0,,11.0,Graduation,3.0,8.0
0.0,0.0,2.0,,44.0,1.0,68.0,11-09-2028,534.0,,3.0,5.0,17.0,0.0,0.0,0.0,0.0,12.0,0.0,0.0,2.0,,8895.0,347.0,70596.0,4.0,Single,47.29,3115.0,0.0,11.0,Graduation,,3.0
0.0,0.0,2.0,38.0,114.0,2.0,97.0,,276.0,3.0,1.0,4.0,75.0,0.0,0.0,0.0,0.0,4.0,124.0,1.0,4.0,0.0,9940.0,382.0,64961.0,3.0,Together,81.17,3088.0,0.0,11.0,Graduation,3.0,6.0
,,0.0,3.0,2.0,1.0,65.0,10-10-2028,6.0,7.0,2.0,,,1.0,0.0,0.0,0.0,2.0,0.0,0.0,1.0,0.0,3081.0,7.0,,7.0,Married,101.72,3108.0,0.0,11.0,,3.0,1.0
0.0,0.0,1.0,6.0,6.0,1.0,,10-07-2029,5.0,7.0,4.0,0.0,0.0,1.0,0.0,0.0,0.0,3.0,2.0,0.0,5.0,0.0,7093.0,,19986.0,6.0,Married,110.2,3115.0,,11.0,,3.0,
0.0,0.0,0.0,1.0,1.0,1.0,17.0,21-07-2030,11.0,7.0,0.0,0.0,0.0,1.0,0.0,0.0,0.0,2.0,0.0,0.0,2.0,0.0,9392.0,4.0,26954.0,4.0,Single,74.98,3101.0,0.0,11.0,Graduation,,1.0
0.0,0.0,3.0,,2.0,,46.0,02-04-2029,15.0,4.0,1.0,1.0,8.0,0.0,0.0,0.0,0.0,3.0,0.0,0.0,3.0,0.0,8299.0,40.0,33996.0,8.0,Single,111.16,,0.0,11.0,PhD,3.0,1.0
0.0,1.0,0.0,231.0,,,17.0,30-12-2029,108.0,3.0,2.0,11.0,192.0,0.0,0.0,0.0,0.0,6.0,42.0,0.0,3.0,1.0,5718.0,674.0,80763.0,4.0,Married,38.24,3080.0,1.0,11.0,Graduation,3.0,5.0
0.0,0.0,0.0,10.0,32.0,1.0,53.0,26-05-2029,639.0,,3.0,7.0,13.0,0.0,0.0,0.0,0.0,5.0,43.0,0.0,2.0,,9952.0,,78093.0,6.0,,9.16,3077.0,0.0,11.0,Master,3.0,4.0
,0.0,2.0,187.0,50.0,1.0,98.0,09-01-2029,774.0,3.0,2.0,7.0,28.0,0.0,0.0,0.0,0.0,,31.0,0.0,4.0,0.0,5687.0,563.0,81702.0,7.0,Divorced,50.63,3110.0,,11.0,Graduation,3.0,7.0
0.0,0.0,1.0,7.0,,2.0,24.0,29-03-2030,10.0,8.0,2.0,,3.0,1.0,0.0,0.0,0.0,2.0,1.0,1.0,4.0,0.0,7224.0,10.0,31353.0,8.0,Married,31.93,3107.0,0.0,11.0,Graduation,3.0,
0.0,0.0,2.0,61.0,61.0,4.0,80.0,19-11-2028,83.0,5.0,5.0,3.0,97.0,,0.0,0.0,0.0,8.0,,1.0,2.0,0.0,702.0,162.0,47682.0,7.0,Widow,51.85,3105.0,0.0,11.0,2n Cycle,3.0,4.0
0.0,0.0,0.0,155.0,0.0,1.0,90.0,29-12-2028,134.0,7.0,3.0,1.0,28.0,0.0,0.0,0.0,,8.0,28.0,0.0,3.0,0.0,,524.0,59111.0,8.0,Married,71.3,3084.0,0.0,11.0,Graduation,3.0,11.0
1.0,0.0,0.0,176.0,8.0,4.0,28.0,26-03-2028,107.0,9.0,1.0,2.0,7.0,2.0,0.0,0.0,1.0,3.0,2.0,0.0,,,10971.0,173.0,37774.0,2.0,Single,49.24,,1.0,11.0,Graduation,3.0,7.0
1.0,0.0,3.0,8.0,0.0,1.0,81.0,12-03-2030,2.0,5.0,0.0,,,0.0,,0.0,0.0,2.0,3.0,0.0,3.0,0.0,193.0,0.0,14421.0,8.0,Married,5.03,3126.0,0.0,,Basic,3.0,1.0
0.0,0.0,3.0,6.0,44.0,3.0,90.0,29-01-2029,54.0,7.0,1.0,1.0,102.0,,0.0,,0.0,7.0,,0.0,4.0,,7422.0,85.0,46923.0,1.0,Single,75.13,3117.0,0.0,11.0,Graduation,3.0,5.0
0.0,0.0,2.0,6.0,4.0,2.0,,12-01-2030,10.0,5.0,3.0,0.0,6.0,,0.0,0.0,0.0,4.0,7.0,0.0,4.0,0.0,8541.0,8.0,24683.0,2.0,Married,67.46,3120.0,0.0,11.0,2n Cycle,3.0,2.0
0.0,0.0,2.0,232.0,60.0,4.0,32.0,23-06-2029,364.0,7.0,4.0,,119.0,0.0,0.0,0.0,0.0,8.0,101.0,,3.0,0.0,3491.0,384.0,55914.0,2.0,Together,,3105.0,0.0,11.0,Graduation,3.0,11.0
0.0,1.0,2.0,,,1.0,61.0,23-01-2029,287.0,6.0,2.0,10.0,50.0,0.0,,1.0,0.0,4.0,57.0,1.0,,1.0,3174.0,1492.0,,,Together,63.34,3089.0,1.0,11.0,Graduation,3.0,5.0
0.0,0.0,,5.0,14.0,,38.0,07-02-2029,,8.0,1.0,0.0,6.0,0.0,0.0,0.0,0.0,3.0,1.0,0.0,3.0,0.0,2569.0,3.0,17323.0,6.0,Married,84.15,3117.0,,11.0,Graduation,3.0,
0.0,1.0,0.0,33.0,99.0,1.0,82.0,31-10-2029,431.0,5.0,2.0,4.0,237.0,1.0,0.0,0.0,0.0,10.0,149.0,,2.0,0.0,8931.0,812.0,83033.0,10.0,Together,5.15,3116.0,0.0,11.0,Graduation,3.0,11.0
0.0,0.0,2.0,,2.0,3.0,47.0,05-12-2028,27.0,7.0,2.0,0.0,0.0,1.0,0.0,0.0,,4.0,,0.0,3.0,0.0,7011.0,43.0,33471.0,2.0,Married,,3103.0,0.0,11.0,Graduation,3.0,3.0
0.0,0.0,1.0,12.0,12.0,2.0,74.0,26-09-2029,180.0,3.0,3.0,4.0,47.0,0.0,0.0,0.0,0.0,9.0,12.0,,3.0,0.0,257.0,952.0,75032.0,4.0,Married,96.03,3089.0,0.0,11.0,,,5.0
,0.0,3.0,24.0,12.0,1.0,40.0,01-04-2030,523.0,,2.0,10.0,63.0,,0.0,0.0,0.0,5.0,60.0,0.0,3.0,0.0,4654.0,571.0,75114.0,8.0,Together,34.49,3122.0,0.0,11.0,,3.0,3.0
0.0,0.0,1.0,1.0,1.0,1.0,61.0,26-04-2029,7.0,8.0,3.0,0.0,0.0,1.0,0.0,0.0,0.0,,0.0,0.0,4.0,0.0,2836.0,10.0,43269.0,,,82.51,3102.0,0.0,11.0,PhD,3.0,1.0
0.0,0.0,1.0,4.0,0.0,1.0,52.0,21-09-2029,3.0,6.0,,0.0,,1.0,0.0,,0.0,2.0,0.0,1.0,4.0,0.0,6119.0,10.0,,1.0,Single,1.51,3093.0,0.0,11.0,PhD,3.0,1.0
0.0,0.0,0.0,32.0,96.0,1.0,78.0,26-03-2028,447.0,3.0,5.0,7.0,220.0,0.0,0.0,0.0,0.0,6.0,96.0,,4.0,0.0,10648.0,398.0,66664.0,3.0,Together,3.24,3112.0,0.0,11.0,2n Cycle,3.0,5.0
0.0,0.0,3.0,4.0,,2.0,34.0,18-05-2030,11.0,6.0,0.0,0.0,3.0,1.0,0.0,0.0,0.0,3.0,1.0,1.0,1.0,0.0,,23.0,35788.0,3.0,Married,92.25,3101.0,0.0,11.0,Graduation,,
0.0,0.0,0.0,5.0,20.0,6.0,97.0,12-10-2028,101.0,9.0,1.0,1.0,,1.0,0.0,0.0,0.0,5.0,15.0,0.0,4.0,0.0,9771.0,104.0,23331.0,4.0,,7.91,3118.0,0.0,11.0,2n Cycle,3.0,5.0
0.0,0.0,2.0,46.0,5.0,2.0,84.0,,17.0,7.0,0.0,2.0,3.0,1.0,0.0,0.0,0.0,2.0,24.0,0.0,1.0,0.0,4832.0,6.0,27244.0,7.0,Married,79.87,3109.0,0.0,11.0,Graduation,3.0,2.0
,1.0,0.0,176.0,80.0,,91.0,11-03-2029,498.0,5.0,0.0,4.0,0.0,0.0,0.0,0.0,0.0,9.0,16.0,1.0,3.0,0.0,6565.0,1012.0,76995.0,6.0,Married,38.13,3079.0,0.0,11.0,Master,3.0,11.0
0.0,0.0,,191.0,31.0,1.0,57.0,19-03-2029,345.0,1.0,3.0,4.0,75.0,0.0,0.0,0.0,0.0,,31.0,0.0,1.0,1.0,,901.0,83844.0,5.0,Together,43.32,3082.0,0.0,,Graduation,3.0,4.0
0.0,0.0,2.0,1.0,4.0,2.0,89.0,,24.0,6.0,,0.0,4.0,1.0,,0.0,0.0,4.0,,1.0,3.0,0.0,9140.0,51.0,50523.0,1.0,Together,,3090.0,0.0,11.0,2n Cycle,3.0,2.0
0.0,1.0,0.0,107.0,,1.0,54.0,11-10-2029,323.0,3.0,4.0,8.0,104.0,0.0,0.0,0.0,0.0,6.0,35.0,,3.0,0.0,3433.0,390.0,72635.0,6.0,,33.26,3085.0,0.0,11.0,,3.0,6.0
0.0,0.0,1.0,,0.0,1.0,,06-12-2029,11.0,8.0,0.0,1.0,0.0,1.0,0.0,0.0,0.0,2.0,2.0,0.0,4.0,0.0,5517.0,15.0,25293.0,9.0,Married,76.06,,0.0,11.0,Graduation,3.0,
0.0,0.0,1.0,38.0,76.0,1.0,35.0,13-01-2030,690.0,1.0,2.0,11.0,,0.0,0.0,0.0,0.0,5.0,26.0,0.0,3.0,0.0,8908.0,,87195.0,8.0,Married,64.02,3089.0,1.0,11.0,Graduation,3.0,3.0
0.0,0.0,3.0,103.0,68.0,1.0,51.0,12-01-2029,689.0,2.0,2.0,2.0,224.0,0.0,0.0,0.0,0.0,10.0,68.0,0.0,1.0,0.0,1544.0,741.0,81380.0,7.0,Divorced,19.24,3097.0,0.0,11.0,Master,3.0,4.0
0.0,0.0,2.0,7.0,0.0,1.0,,23-02-2030,11.0,5.0,4.0,1.0,,0.0,0.0,0.0,0.0,,0.0,,2.0,0.0,1991.0,78.0,44931.0,9.0,Together,13.25,3097.0,0.0,11.0,,3.0,2.0
0.0,0.0,,21.0,7.0,2.0,11.0,26-10-2029,19.0,,2.0,2.0,8.0,1.0,0.0,0.0,0.0,2.0,2.0,0.0,5.0,0.0,4557.0,10.0,22070.0,5.0,Together,,3100.0,0.0,11.0,Graduation,,
0.0,0.0,2.0,16.0,10.0,1.0,99.0,26-10-2028,,8.0,3.0,0.0,3.0,1.0,0.0,0.0,0.0,3.0,8.0,0.0,3.0,,5263.0,5.0,31056.0,5.0,Married,101.59,3107.0,0.0,11.0,2n Cycle,3.0,1.0
0.0,0.0,1.0,30.0,40.0,1.0,29.0,14-04-2030,367.0,4.0,,4.0,119.0,0.0,0.0,0.0,0.0,4.0,122.0,0.0,4.0,0.0,4137.0,398.0,70666.0,,Together,78.67,,0.0,11.0,Graduation,3.0,7.0
0.0,0.0,1.0,9.0,0.0,2.0,20.0,22-11-2029,18.0,4.0,2.0,1.0,0.0,0.0,0.0,,0.0,,0.0,1.0,4.0,0.0,10951.0,279.0,45688.0,7.0,Married,12.41,3098.0,0.0,11.0,Graduation,3.0,3.0
1.0,0.0,1.0,57.0,104.0,6.0,,,189.0,8.0,1.0,8.0,197.0,0.0,0.0,0.0,0.0,5.0,151.0,1.0,4.0,0.0,,,46772.0,6.0,Together,,3105.0,0.0,11.0,2n Cycle,3.0,11.0
0.0,0.0,3.0,80.0,8.0,1.0,72.0,23-02-2030,259.0,1.0,1.0,,34.0,0.0,0.0,0.0,,,35.0,0.0,3.0,0.0,5545.0,572.0,78075.0,1.0,Married,96.92,3102.0,0.0,11.0,PhD,3.0,3.0
0.0,0.0,1.0,9.0,3.0,1.0,81.0,17-08-2029,7.0,7.0,5.0,0.0,6.0,1.0,0.0,,0.0,2.0,,0.0,3.0,0.0,520.0,3.0,34421.0,7.0,Married,62.03,3104.0,0.0,,Graduation,3.0,1.0
0.0,,1.0,13.0,17.0,4.0,,08-12-2029,48.0,6.0,1.0,1.0,23.0,0.0,,,0.0,6.0,13.0,1.0,4.0,0.0,7987.0,346.0,65747.0,,Married,21.63,3099.0,0.0,11.0,Graduation,3.0,8.0
,0.0,1.0,36.0,0.0,,53.0,10-05-2028,108.0,9.0,2.0,1.0,0.0,1.0,0.0,0.0,0.0,6.0,6.0,1.0,3.0,0.0,10478.0,483.0,55517.0,,Married,20.28,3080.0,1.0,11.0,,3.0,11.0
0.0,0.0,2.0,12.0,1.0,3.0,34.0,25-06-2029,31.0,6.0,2.0,1.0,4.0,1.0,0.0,0.0,0.0,4.0,4.0,1.0,,0.0,8334.0,79.0,33316.0,10.0,Single,,,,,Master,3.0,2.0
0.0,0.0,0.0,0.0,10.0,1.0,64.0,,689.0,1.0,1.0,4.0,84.0,0.0,0.0,,0.0,9.0,10.0,,3.0,0.0,2995.0,291.0,66636.0,5.0,Together,118.57,3087.0,0.0,11.0,Master,3.0,
0.0,1.0,,0.0,134.0,1.0,19.0,09-02-2030,670.0,3.0,2.0,3.0,25.0,0.0,0.0,0.0,0.0,10.0,38.0,0.0,3.0,1.0,,1035.0,80184.0,9.0,Married,58.73,3074.0,0.0,11.0,Master,3.0,6.0
0.0,0.0,2.0,,,2.0,63.0,25-10-2028,142.0,8.0,3.0,4.0,12.0,0.0,0.0,0.0,,8.0,9.0,1.0,5.0,0.0,2920.0,789.0,52614.0,1.0,Single,90.28,3105.0,0.0,11.0,PhD,3.0,2.0
0.0,0.0,1.0,191.0,0.0,5.0,42.0,14-12-2028,235.0,8.0,3.0,1.0,19.0,1.0,0.0,0.0,0.0,7.0,4.0,0.0,3.0,0.0,4324.0,235.0,42387.0,10.0,Married,113.86,3119.0,0.0,11.0,Graduation,3.0,8.0
1.0,0.0,2.0,44.0,44.0,1.0,27.0,20-08-2029,107.0,2.0,3.0,,58.0,0.0,0.0,0.0,0.0,,44.0,0.0,3.0,1.0,4207.0,1001.0,87171.0,1.0,Married,50.77,3111.0,0.0,11.0,PhD,3.0,6.0
0.0,0.0,1.0,41.0,,3.0,38.0,06-02-2030,83.0,4.0,2.0,2.0,,0.0,,0.0,0.0,,0.0,1.0,1.0,0.0,9336.0,512.0,62187.0,10.0,Widow,62.14,3099.0,0.0,11.0,PhD,3.0,6.0
0.0,0.0,0.0,12.0,25.0,,88.0,23-03-2029,265.0,5.0,,3.0,25.0,0.0,0.0,0.0,0.0,11.0,19.0,1.0,3.0,0.0,3136.0,317.0,59432.0,1.0,Divorced,2.51,,0.0,11.0,Master,3.0,5.0
0.0,1.0,2.0,44.0,,1.0,20.0,,689.0,8.0,0.0,5.0,41.0,0.0,0.0,1.0,0.0,11.0,27.0,0.0,2.0,1.0,,,80952.0,6.0,Married,,3099.0,,11.0,Graduation,,8.0
0.0,0.0,3.0,35.0,35.0,2.0,62.0,24-03-2029,160.0,5.0,1.0,8.0,58.0,0.0,0.0,0.0,0.0,10.0,35.0,1.0,2.0,0.0,,,56775.0,7.0,Married,62.65,3109.0,0.0,11.0,Graduation,3.0,5.0
,,1.0,30.0,153.0,,10.0,,293.0,4.0,3.0,4.0,72.0,0.0,0.0,1.0,,6.0,97.0,0.0,4.0,1.0,7381.0,797.0,75693.0,2.0,Divorced,15.0,3098.0,1.0,11.0,,3.0,11.0
0.0,1.0,,16.0,32.0,1.0,27.0,23-02-2030,352.0,1.0,,4.0,21.0,0.0,0.0,1.0,0.0,7.0,16.0,0.0,3.0,1.0,8029.0,1184.0,90247.0,6.0,Single,107.33,,1.0,,Master,3.0,3.0
0.0,0.0,1.0,,2.0,4.0,92.0,16-09-2028,43.0,6.0,2.0,1.0,3.0,1.0,0.0,0.0,0.0,5.0,5.0,1.0,5.0,0.0,4094.0,201.0,60544.0,8.0,Married,113.14,3091.0,0.0,11.0,Graduation,3.0,5.0
0.0,0.0,3.0,50.0,40.0,1.0,69.0,16-01-2030,425.0,1.0,2.0,4.0,158.0,0.0,0.0,0.0,0.0,8.0,60.0,0.0,2.0,0.0,,364.0,81657.0,10.0,Single,48.54,3099.0,0.0,11.0,,3.0,3.0
0.0,0.0,1.0,160.0,16.0,1.0,8.0,14-05-2029,128.0,6.0,3.0,3.0,0.0,0.0,,1.0,,6.0,,0.0,1.0,1.0,3009.0,1462.0,71670.0,10.0,Widow,,3092.0,1.0,11.0,PhD,3.0,5.0
0.0,0.0,1.0,0.0,3.0,1.0,29.0,12-01-2030,3.0,3.0,4.0,,0.0,0.0,0.0,0.0,0.0,3.0,0.0,,,0.0,6679.0,,33279.0,9.0,Single,,3096.0,0.0,11.0,Graduation,3.0,0.0
0.0,0.0,1.0,16.0,10.0,,16.0,18-03-2029,125.0,,2.0,2.0,21.0,1.0,,0.0,0.0,4.0,13.0,0.0,3.0,0.0,247.0,172.0,36715.0,8.0,,111.76,3101.0,1.0,11.0,Graduation,3.0,7.0
0.0,,1.0,,7.0,4.0,12.0,28-06-2030,24.0,6.0,3.0,0.0,19.0,1.0,0.0,,0.0,4.0,14.0,0.0,4.0,0.0,,5.0,34176.0,7.0,Single,11.05,3118.0,,11.0,Graduation,3.0,3.0
0.0,0.0,0.0,27.0,4.0,2.0,59.0,11-06-2029,21.0,7.0,2.0,,6.0,1.0,0.0,0.0,0.0,3.0,,1.0,3.0,,2392.0,44.0,40321.0,3.0,Married,17.11,3102.0,0.0,11.0,Graduation,3.0,3.0
0.0,0.0,0.0,55.0,12.0,3.0,14.0,19-08-2028,96.0,7.0,3.0,1.0,78.0,,0.0,0.0,0.0,6.0,40.0,0.0,3.0,0.0,6878.0,43.0,27421.0,3.0,Widow,86.91,3084.0,0.0,11.0,Graduation,3.0,
0.0,0.0,0.0,16.0,1.0,2.0,9.0,29-12-2029,60.0,9.0,1.0,1.0,4.0,1.0,0.0,0.0,0.0,2.0,6.0,,5.0,0.0,3524.0,80.0,39763.0,4.0,Single,,3101.0,1.0,11.0,Master,3.0,5.0
1.0,,2.0,40.0,10.0,3.0,16.0,19-10-2029,12.0,8.0,,1.0,3.0,1.0,0.0,0.0,0.0,2.0,15.0,0.0,4.0,0.0,8443.0,6.0,24762.0,1.0,Single,97.06,3102.0,1.0,11.0,Graduation,3.0,3.0
,0.0,,7.0,4.0,3.0,60.0,11-12-2028,56.0,9.0,2.0,0.0,2.0,1.0,0.0,,0.0,4.0,4.0,0.0,4.0,0.0,,86.0,32313.0,10.0,Together,9.45,3112.0,0.0,11.0,PhD,3.0,
0.0,0.0,4.0,4.0,2.0,4.0,55.0,19-01-2030,14.0,6.0,1.0,0.0,8.0,1.0,0.0,0.0,0.0,4.0,7.0,1.0,3.0,0.0,6336.0,13.0,29315.0,7.0,Married,92.22,3090.0,0.0,,Graduation,3.0,2.0
,0.0,1.0,10.0,0.0,1.0,54.0,26-12-2029,16.0,8.0,3.0,0.0,,1.0,0.0,0.0,0.0,3.0,6.0,1.0,,0.0,5081.0,9.0,47821.0,1.0,Together,,3097.0,0.0,11.0,2n Cycle,3.0,1.0
0.0,0.0,1.0,89.0,35.0,1.0,28.0,,314.0,4.0,2.0,3.0,,0.0,0.0,0.0,0.0,13.0,116.0,0.0,1.0,0.0,,,63855.0,,Together,19.95,3108.0,0.0,11.0,2n Cycle,3.0,7.0
0.0,0.0,3.0,12.0,8.0,2.0,20.0,24-02-2029,26.0,7.0,5.0,0.0,12.0,0.0,0.0,0.0,0.0,4.0,7.0,1.0,4.0,0.0,9955.0,69.0,39898.0,6.0,Together,84.34,3084.0,0.0,11.0,Graduation,3.0,3.0
0.0,0.0,3.0,125.0,112.0,2.0,68.0,30-06-2028,151.0,6.0,4.0,2.0,51.0,0.0,0.0,,0.0,10.0,72.0,0.0,,0.0,378.0,283.0,52531.0,6.0,Married,27.07,3101.0,0.0,11.0,Graduation,3.0,7.0
0.0,0.0,1.0,,60.0,5.0,41.0,25-02-2029,353.0,7.0,5.0,3.0,78.0,0.0,0.0,0.0,0.0,5.0,12.0,1.0,,0.0,,731.0,,10.0,Divorced,80.61,3091.0,0.0,11.0,PhD,,10.0
0.0,0.0,2.0,150.0,69.0,3.0,4.0,03-10-2028,300.0,,0.0,4.0,,0.0,0.0,0.0,0.0,8.0,138.0,1.0,3.0,0.0,2429.0,531.0,72071.0,2.0,Divorced,36.26,3084.0,0.0,11.0,,3.0,5.0
0.0,0.0,,,8.0,1.0,54.0,12-11-2029,216.0,1.0,0.0,3.0,21.0,0.0,0.0,,0.0,5.0,16.0,1.0,3.0,0.0,4790.0,574.0,79803.0,4.0,Divorced,21.79,,0.0,11.0,Graduation,,4.0
0.0,0.0,2.0,6.0,6.0,1.0,74.0,26-02-2030,5.0,7.0,0.0,0.0,0.0,1.0,0.0,0.0,,3.0,2.0,0.0,2.0,0.0,9543.0,3.0,19986.0,8.0,Married,82.0,3115.0,0.0,11.0,Graduation,3.0,0.0
0.0,0.0,,97.0,75.0,1.0,54.0,16-09-2029,162.0,2.0,1.0,4.0,29.0,0.0,0.0,0.0,0.0,8.0,151.0,0.0,,0.0,10486.0,476.0,77142.0,1.0,Married,,3078.0,0.0,,Graduation,3.0,4.0
0.0,0.0,0.0,53.0,107.0,1.0,66.0,15-10-2029,768.0,2.0,2.0,6.0,,0.0,0.0,0.0,0.0,6.0,196.0,0.0,3.0,0.0,1964.0,,86610.0,2.0,Together,33.74,3081.0,0.0,11.0,Graduation,3.0,5.0
0.0,,3.0,33.0,16.0,3.0,47.0,09-09-2029,132.0,6.0,1.0,5.0,43.0,0.0,0.0,0.0,0.0,,33.0,1.0,4.0,0.0,2937.0,614.0,68352.0,,,70.96,,0.0,11.0,PhD,3.0,
0.0,1.0,3.0,22.0,0.0,1.0,84.0,31-01-2030,592.0,3.0,1.0,4.0,147.0,0.0,,0.0,0.0,7.0,22.0,0.0,4.0,0.0,988.0,,81168.0,8.0,Married,16.93,3095.0,0.0,11.0,Graduation,3.0,
0.0,0.0,2.0,30.0,9.0,3.0,0.0,30-08-2029,76.0,7.0,0.0,2.0,4.0,,0.0,0.0,0.0,5.0,3.0,1.0,3.0,0.0,2285.0,213.0,36634.0,,Together,,3084.0,0.0,11.0,Master,3.0,5.0
,0.0,2.0,2.0,0.0,2.0,28.0,09-05-2029,8.0,7.0,2.0,0.0,2.0,2.0,0.0,,0.0,3.0,0.0,1.0,3.0,0.0,6222.0,25.0,22574.0,4.0,,16.01,3097.0,0.0,11.0,Graduation,3.0,
0.0,0.0,1.0,19.0,0.0,3.0,63.0,26-02-2029,86.0,8.0,4.0,3.0,0.0,0.0,0.0,1.0,0.0,9.0,0.0,1.0,3.0,0.0,1993.0,,58607.0,10.0,Married,,3079.0,0.0,11.0,PhD,3.0,2.0
0.0,0.0,,0.0,19.0,1.0,9.0,31-03-2029,,3.0,3.0,6.0,0.0,0.0,0.0,1.0,0.0,,19.0,0.0,3.0,1.0,5547.0,1478.0,84169.0,10.0,Married,23.95,3112.0,1.0,11.0,PhD,3.0,7.0
0.0,0.0,0.0,5.0,3.0,1.0,8.0,25-03-2030,8.0,7.0,,0.0,2.0,1.0,0.0,0.0,0.0,2.0,5.0,0.0,3.0,0.0,4290.0,,,10.0,Married,21.91,3102.0,0.0,11.0,Graduation,3.0,1.0
0.0,0.0,2.0,157.0,24.0,2.0,,,97.0,6.0,1.0,5.0,32.0,0.0,0.0,0.0,0.0,10.0,24.0,1.0,3.0,0.0,1729.0,1043.0,66426.0,10.0,Together,2.14,3091.0,0.0,11.0,PhD,3.0,3.0
0.0,1.0,3.0,58.0,29.0,0.0,,30-04-2028,138.0,4.0,2.0,9.0,76.0,0.0,0.0,1.0,0.0,10.0,176.0,0.0,1.0,1.0,2798.0,763.0,102160.0,,Together,37.38,3107.0,,11.0,PhD,3.0,7.0
1.0,0.0,,,6.0,1.0,88.0,10-12-2029,13.0,9.0,,0.0,7.0,1.0,0.0,0.0,0.0,3.0,6.0,0.0,2.0,0.0,,7.0,29604.0,4.0,Together,25.62,3118.0,0.0,,Graduation,3.0,1.0
0.0,0.0,0.0,29.0,11.0,1.0,91.0,04-04-2029,33.0,4.0,3.0,0.0,13.0,,0.0,0.0,0.0,4.0,6.0,1.0,3.0,0.0,4754.0,30.0,33585.0,2.0,Married,,3096.0,0.0,11.0,Master,3.0,2.0
0.0,0.0,3.0,14.0,2.0,3.0,,27-03-2030,53.0,6.0,2.0,1.0,3.0,1.0,0.0,0.0,0.0,5.0,5.0,1.0,4.0,0.0,8180.0,233.0,59354.0,3.0,Divorced,80.51,,0.0,11.0,Master,3.0,6.0
1.0,1.0,1.0,33.0,172.0,1.0,62.0,06-08-2029,815.0,4.0,2.0,11.0,97.0,0.0,0.0,0.0,,10.0,,,2.0,1.0,1763.0,1259.0,87679.0,3.0,Together,110.49,3118.0,1.0,11.0,Graduation,3.0,7.0
0.0,0.0,2.0,36.0,1.0,1.0,68.0,19-02-2030,54.0,3.0,1.0,2.0,7.0,0.0,0.0,0.0,0.0,,7.0,0.0,2.0,,5286.0,112.0,41020.0,10.0,Single,67.25,3117.0,0.0,11.0,Master,3.0,3.0
0.0,0.0,1.0,76.0,47.0,4.0,81.0,24-10-2029,237.0,5.0,3.0,11.0,12.0,0.0,0.0,0.0,0.0,7.0,,1.0,3.0,,17.0,637.0,60491.0,9.0,Married,5.22,3101.0,0.0,11.0,PhD,3.0,6.0
0.0,0.0,1.0,75.0,48.0,,51.0,09-07-2028,214.0,9.0,4.0,1.0,13.0,,0.0,0.0,0.0,,32.0,,3.0,0.0,6575.0,230.0,56386.0,8.0,Together,44.82,3111.0,0.0,11.0,,3.0,9.0
0.0,0.0,2.0,147.0,40.0,,64.0,25-09-2028,,1.0,1.0,2.0,121.0,0.0,0.0,0.0,0.0,5.0,160.0,0.0,,0.0,10479.0,749.0,76618.0,10.0,Married,71.85,3105.0,0.0,11.0,,3.0,3.0
0.0,0.0,1.0,3.0,5.0,3.0,76.0,11-10-2028,,9.0,2.0,,10.0,1.0,0.0,0.0,,4.0,3.0,,3.0,0.0,5063.0,41.0,28769.0,2.0,Single,,3107.0,0.0,11.0,,3.0,4.0
0.0,0.0,2.0,17.0,,2.0,9.0,06-03-2028,100.0,8.0,3.0,,26.0,0.0,0.0,0.0,,5.0,0.0,1.0,3.0,0.0,3277.0,219.0,49431.0,1.0,Divorced,39.91,3085.0,0.0,11.0,Graduation,,7.0
0.0,0.0,1.0,13.0,,1.0,59.0,01-08-2030,78.0,3.0,3.0,4.0,39.0,0.0,,0.0,0.0,7.0,13.0,2.0,3.0,0.0,,295.0,59354.0,3.0,Married,26.41,3083.0,0.0,11.0,Master,3.0,4.0
0.0,,2.0,204.0,43.0,2.0,57.0,02-05-2029,226.0,4.0,1.0,5.0,69.0,0.0,0.0,0.0,0.0,13.0,,1.0,2.0,0.0,4837.0,753.0,71322.0,7.0,Married,24.97,,0.0,11.0,PhD,,8.0
0.0,0.0,1.0,12.0,19.0,,72.0,16-07-2030,,,0.0,3.0,16.0,1.0,0.0,0.0,0.0,10.0,12.0,1.0,4.0,0.0,11051.0,492.0,77376.0,7.0,Together,80.88,3086.0,0.0,11.0,PhD,3.0,6.0
0.0,0.0,0.0,26.0,66.0,1.0,57.0,,653.0,,3.0,9.0,17.0,,0.0,,0.0,6.0,0.0,,,0.0,4149.0,586.0,76140.0,6.0,Together,29.71,3078.0,0.0,11.0,PhD,3.0,5.0
0.0,0.0,,13.0,4.0,3.0,42.0,,17.0,6.0,3.0,0.0,12.0,1.0,0.0,0.0,0.0,4.0,10.0,0.0,4.0,0.0,9829.0,22.0,28587.0,8.0,Together,111.63,3108.0,0.0,11.0,Graduation,3.0,2.0
0.0,0.0,3.0,43.0,12.0,6.0,8.0,24-10-2028,96.0,6.0,2.0,1.0,33.0,,0.0,0.0,0.0,6.0,22.0,2.0,3.0,0.0,,96.0,46610.0,3.0,Divorced,79.41,3082.0,1.0,11.0,PhD,3.0,4.0
0.0,0.0,1.0,,30.0,4.0,38.0,21-10-2029,177.0,5.0,2.0,5.0,90.0,,0.0,0.0,0.0,7.0,138.0,1.0,3.0,0.0,10858.0,355.0,76532.0,10.0,Together,58.54,3105.0,0.0,11.0,Graduation,3.0,9.0
0.0,1.0,0.0,16.0,64.0,1.0,73.0,11-02-2029,464.0,3.0,2.0,9.0,146.0,0.0,0.0,0.0,0.0,9.0,0.0,0.0,3.0,0.0,4637.0,960.0,74637.0,5.0,Single,59.06,3084.0,0.0,11.0,PhD,3.0,6.0
0.0,0.0,3.0,15.0,15.0,3.0,30.0,14-10-2028,186.0,3.0,1.0,3.0,151.0,,0.0,0.0,0.0,13.0,38.0,1.0,3.0,0.0,7488.0,420.0,64191.0,,Single,,3093.0,0.0,11.0,Master,3.0,5.0
0.0,,2.0,4.0,5.0,1.0,77.0,21-03-2030,23.0,7.0,2.0,0.0,4.0,1.0,0.0,0.0,,,1.0,0.0,4.0,0.0,1834.0,30.0,35544.0,2.0,Single,90.12,3108.0,0.0,11.0,,3.0,2.0
1.0,0.0,1.0,,80.0,1.0,0.0,22-10-2029,252.0,6.0,,10.0,,,0.0,0.0,0.0,7.0,34.0,0.0,3.0,,4073.0,769.0,63564.0,5.0,Married,11.46,3084.0,1.0,11.0,,3.0,10.0
0.0,0.0,0.0,,26.0,1.0,,25-09-2028,25.0,9.0,2.0,0.0,17.0,0.0,0.0,0.0,0.0,3.0,23.0,0.0,3.0,0.0,6609.0,1.0,27038.0,4.0,Widow,14.67,3096.0,1.0,11.0,Graduation,3.0,3.0
1.0,0.0,1.0,27.0,59.0,2.0,97.0,03-01-2029,265.0,6.0,1.0,10.0,115.0,0.0,0.0,0.0,0.0,11.0,59.0,1.0,3.0,0.0,5153.0,1004.0,77766.0,9.0,,68.19,3097.0,1.0,11.0,PhD,3.0,11.0
0.0,0.0,0.0,26.0,4.0,,2.0,03-12-2028,28.0,,1.0,1.0,,1.0,0.0,0.0,0.0,2.0,3.0,1.0,,0.0,10352.0,50.0,34213.0,3.0,Widow,,3093.0,1.0,11.0,Graduation,3.0,3.0
0.0,0.0,2.0,13.0,2.0,,15.0,20-08-2029,,5.0,,0.0,,0.0,0.0,0.0,,3.0,2.0,2.0,2.0,,5231.0,27.0,45894.0,5.0,Married,20.75,3104.0,,11.0,2n Cycle,3.0,1.0
0.0,0.0,1.0,8.0,,3.0,97.0,31-08-2028,29.0,8.0,3.0,1.0,,1.0,0.0,0.0,0.0,3.0,15.0,0.0,3.0,0.0,7527.0,6.0,23748.0,5.0,Divorced,46.27,3098.0,0.0,11.0,Master,3.0,2.0
0.0,0.0,1.0,7.0,,2.0,58.0,14-01-2030,10.0,7.0,3.0,0.0,8.0,1.0,0.0,0.0,0.0,3.0,1.0,1.0,4.0,0.0,5610.0,7.0,33456.0,3.0,Together,83.7,3095.0,0.0,11.0,Graduation,3.0,1.0
0.0,0.0,2.0,,,2.0,84.0,,79.0,8.0,,2.0,0.0,,0.0,0.0,0.0,,11.0,1.0,3.0,0.0,7375.0,297.0,51369.0,3.0,Together,16.26,3106.0,0.0,11.0,Graduation,3.0,8.0
0.0,1.0,3.0,8.0,0.0,7.0,56.0,19-07-2030,30.0,7.0,0.0,2.0,0.0,2.0,0.0,0.0,0.0,5.0,0.0,1.0,3.0,,5529.0,406.0,64014.0,9.0,Together,95.57,3076.0,0.0,,PhD,3.0,8.0
0.0,0.0,1.0,26.0,17.0,4.0,38.0,22-10-2029,18.0,8.0,2.0,0.0,6.0,1.0,0.0,0.0,0.0,3.0,10.0,0.0,3.0,0.0,905.0,7.0,21846.0,7.0,,48.86,3116.0,0.0,11.0,Graduation,3.0,4.0
0.0,0.0,0.0,12.0,12.0,1.0,74.0,05-09-2029,48.0,,2.0,2.0,4.0,1.0,0.0,0.0,0.0,4.0,12.0,0.0,2.0,0.0,902.0,224.0,62994.0,3.0,Together,48.34,3110.0,0.0,11.0,Graduation,3.0,6.0
0.0,0.0,1.0,40.0,,3.0,62.0,22-11-2028,,8.0,,6.0,0.0,0.0,1.0,1.0,0.0,11.0,13.0,1.0,3.0,0.0,2926.0,1241.0,,1.0,Together,106.77,3082.0,0.0,11.0,Master,3.0,3.0
0.0,0.0,2.0,95.0,79.0,1.0,14.0,,622.0,1.0,2.0,6.0,207.0,0.0,0.0,0.0,0.0,4.0,175.0,0.0,2.0,,1577.0,558.0,78569.0,7.0,,41.18,3076.0,1.0,11.0,Graduation,3.0,4.0
0.0,0.0,4.0,5.0,2.0,1.0,94.0,11-02-2029,3.0,6.0,0.0,0.0,4.0,0.0,0.0,0.0,0.0,3.0,1.0,0.0,,0.0,9553.0,0.0,,10.0,Married,20.68,3117.0,0.0,11.0,,3.0,0.0
0.0,,1.0,11.0,1.0,1.0,,21-12-2029,19.0,,1.0,,2.0,0.0,0.0,0.0,0.0,4.0,0.0,1.0,3.0,0.0,4174.0,97.0,,2.0,Together,108.24,3086.0,0.0,11.0,Master,3.0,
0.0,0.0,2.0,175.0,31.0,1.0,,25-03-2030,446.0,1.0,3.0,10.0,,0.0,0.0,0.0,0.0,11.0,56.0,0.0,3.0,0.0,,255.0,76630.0,1.0,Married,71.22,3113.0,0.0,11.0,Graduation,3.0,3.0
0.0,0.0,2.0,15.0,17.0,6.0,50.0,02-12-2028,97.0,8.0,3.0,1.0,15.0,1.0,0.0,0.0,0.0,,,,2.0,0.0,8692.0,90.0,,4.0,,35.99,3082.0,0.0,11.0,Graduation,3.0,4.0
1.0,0.0,2.0,174.0,,2.0,61.0,28-12-2028,363.0,6.0,2.0,5.0,52.0,0.0,0.0,0.0,0.0,6.0,26.0,1.0,4.0,0.0,7118.0,833.0,73803.0,7.0,Married,112.61,3087.0,,11.0,Graduation,3.0,
0.0,0.0,1.0,97.0,77.0,2.0,42.0,22-01-2029,203.0,7.0,2.0,1.0,6.0,1.0,0.0,0.0,0.0,7.0,24.0,0.0,2.0,0.0,521.0,174.0,54006.0,2.0,Together,17.71,,0.0,11.0,,3.0,8.0
,,1.0,24.0,2.0,2.0,92.0,,21.0,8.0,2.0,1.0,4.0,1.0,0.0,0.0,0.0,2.0,0.0,1.0,2.0,0.0,9135.0,13.0,27203.0,9.0,Together,,3080.0,0.0,11.0,Graduation,3.0,1.0
0.0,1.0,1.0,20.0,20.0,,,15-06-2029,172.0,7.0,2.0,3.0,52.0,1.0,0.0,1.0,0.0,10.0,50.0,2.0,3.0,0.0,2863.0,738.0,,2.0,Single,0.89,3100.0,0.0,,Graduation,3.0,2.0
0.0,0.0,2.0,54.0,32.0,1.0,79.0,07-02-2030,519.0,1.0,4.0,4.0,71.0,0.0,0.0,0.0,0.0,9.0,75.0,0.0,4.0,,7972.0,400.0,72906.0,6.0,Single,,3085.0,0.0,11.0,Graduation,3.0,
0.0,1.0,1.0,48.0,48.0,1.0,5.0,07-01-2030,560.0,3.0,,6.0,,0.0,0.0,0.0,0.0,4.0,176.0,0.0,3.0,1.0,830.0,784.0,,2.0,Single,105.34,3117.0,1.0,,PhD,3.0,4.0
,0.0,0.0,26.0,3.0,7.0,60.0,03-08-2029,77.0,,3.0,,10.0,,0.0,0.0,0.0,5.0,3.0,1.0,3.0,0.0,1600.0,292.0,56962.0,8.0,Married,12.64,3095.0,0.0,,Master,3.0,
0.0,0.0,2.0,35.0,83.0,2.0,23.0,30-12-2028,267.0,5.0,2.0,,85.0,0.0,0.0,0.0,0.0,11.0,59.0,0.0,3.0,0.0,1162.0,124.0,42000.0,6.0,Single,83.92,3117.0,1.0,,PhD,3.0,5.0
0.0,0.0,2.0,56.0,28.0,1.0,83.0,03-03-2029,409.0,,,9.0,73.0,0.0,0.0,0.0,0.0,4.0,56.0,1.0,3.0,0.0,2150.0,860.0,80995.0,6.0,Widow,59.07,3088.0,0.0,11.0,,3.0,
0.0,0.0,2.0,17.0,,1.0,17.0,07-08-2029,413.0,2.0,1.0,6.0,23.0,0.0,0.0,1.0,0.0,,34.0,0.0,1.0,1.0,7999.0,,75261.0,10.0,,73.01,3085.0,1.0,,PhD,3.0,5.0
0.0,,2.0,7.0,1.0,1.0,6.0,20-07-2029,5.0,7.0,3.0,0.0,4.0,1.0,0.0,0.0,0.0,3.0,5.0,,3.0,,2711.0,9.0,30560.0,2.0,Together,104.83,3106.0,,11.0,Master,3.0,1.0
0.0,0.0,2.0,3.0,1.0,,65.0,21-01-2030,16.0,8.0,1.0,0.0,2.0,1.0,0.0,,0.0,3.0,0.0,1.0,2.0,0.0,9014.0,39.0,,5.0,Married,112.56,3105.0,0.0,11.0,Graduation,3.0,
0.0,,1.0,15.0,,2.0,64.0,25-09-2028,,,3.0,0.0,11.0,1.0,0.0,0.0,0.0,3.0,10.0,0.0,4.0,0.0,5150.0,0.0,,,,77.79,3109.0,0.0,11.0,Basic,3.0,
0.0,1.0,2.0,84.0,42.0,2.0,89.0,07-11-2028,864.0,3.0,2.0,7.0,219.0,0.0,0.0,0.0,0.0,9.0,30.0,1.0,4.0,0.0,2975.0,717.0,85606.0,6.0,Together,,3106.0,0.0,11.0,Graduation,3.0,
0.0,0.0,1.0,172.0,0.0,2.0,1.0,27-07-2029,,3.0,1.0,,97.0,0.0,0.0,0.0,0.0,12.0,,1.0,4.0,0.0,3767.0,378.0,61314.0,2.0,Married,93.72,3098.0,0.0,11.0,Graduation,3.0,5.0
0.0,0.0,2.0,3.0,0.0,4.0,56.0,03-08-2029,25.0,4.0,0.0,1.0,2.0,,0.0,0.0,0.0,4.0,2.0,0.0,3.0,0.0,4961.0,29.0,21255.0,4.0,Together,3.49,3104.0,0.0,11.0,Master,3.0,2.0
0.0,0.0,1.0,6.0,2.0,1.0,46.0,11-11-2029,15.0,4.0,4.0,1.0,8.0,0.0,0.0,0.0,,3.0,0.0,0.0,3.0,0.0,,40.0,33996.0,7.0,Single,117.65,3119.0,0.0,,PhD,3.0,1.0
0.0,0.0,1.0,29.0,0.0,,55.0,06-01-2030,11.0,4.0,4.0,2.0,17.0,0.0,0.0,0.0,0.0,2.0,29.0,1.0,2.0,0.0,2315.0,10.0,,5.0,Divorced,44.35,3090.0,0.0,,Graduation,3.0,1.0
0.0,0.0,2.0,11.0,13.0,3.0,43.0,22-11-2030,6.0,7.0,4.0,0.0,7.0,1.0,0.0,0.0,0.0,3.0,5.0,0.0,2.0,0.0,10403.0,2.0,16531.0,8.0,Together,41.58,3108.0,0.0,,Graduation,3.0,
0.0,0.0,1.0,5.0,0.0,4.0,69.0,29-11-2028,21.0,8.0,0.0,2.0,0.0,0.0,0.0,1.0,,7.0,,1.0,,0.0,,516.0,44325.0,8.0,Married,32.31,3102.0,0.0,11.0,,3.0,8.0
0.0,1.0,2.0,37.0,28.0,0.0,10.0,17-06-2029,873.0,2.0,0.0,4.0,29.0,0.0,,0.0,0.0,7.0,18.0,0.0,4.0,0.0,10150.0,464.0,86429.0,9.0,Single,9.94,3091.0,1.0,11.0,Graduation,3.0,7.0
0.0,0.0,,20.0,7.0,4.0,12.0,,24.0,6.0,1.0,0.0,19.0,1.0,0.0,0.0,0.0,4.0,14.0,0.0,3.0,0.0,92.0,5.0,34176.0,8.0,Alone,,3118.0,0.0,11.0,Graduation,3.0,3.0
0.0,0.0,1.0,100.0,5.0,,45.0,25-06-2029,82.0,7.0,3.0,2.0,7.0,0.0,0.0,0.0,0.0,9.0,0.0,1.0,2.0,0.0,7397.0,494.0,49090.0,4.0,Single,1.15,3081.0,0.0,11.0,Graduation,,7.0
1.0,1.0,0.0,182.0,22.0,,46.0,20-07-2029,708.0,5.0,0.0,7.0,89.0,0.0,0.0,0.0,0.0,,,0.0,4.0,,4580.0,1394.0,75759.0,5.0,Married,76.62,,1.0,11.0,Graduation,3.0,9.0
0.0,0.0,2.0,15.0,4.0,1.0,66.0,19-01-2030,10.0,4.0,4.0,,0.0,1.0,0.0,0.0,0.0,3.0,2.0,1.0,,0.0,4548.0,23.0,41967.0,7.0,Single,,3111.0,0.0,11.0,Graduation,3.0,1.0
0.0,0.0,3.0,4.0,,,,15-10-2029,8.0,5.0,0.0,0.0,0.0,1.0,0.0,0.0,0.0,3.0,,1.0,3.0,0.0,7947.0,24.0,,5.0,Married,106.99,3099.0,,11.0,,3.0,1.0
0.0,0.0,1.0,12.0,0.0,5.0,57.0,18-12-2028,217.0,6.0,1.0,3.0,0.0,0.0,0.0,0.0,0.0,5.0,0.0,1.0,4.0,0.0,9365.0,,60000.0,10.0,Single,39.76,3106.0,0.0,11.0,PhD,3.0,11.0
0.0,0.0,1.0,6.0,3.0,,46.0,06-02-2030,9.0,7.0,4.0,0.0,6.0,1.0,0.0,0.0,0.0,3.0,2.0,1.0,2.0,0.0,7629.0,,,3.0,,1.66,3107.0,0.0,11.0,Graduation,3.0,2.0
1.0,0.0,1.0,27.0,,5.0,34.0,22-03-2028,136.0,,5.0,1.0,7.0,,0.0,0.0,0.0,6.0,5.0,0.0,3.0,,7378.0,,,,Together,6.61,3111.0,0.0,,Master,3.0,10.0
,0.0,3.0,9.0,3.0,1.0,30.0,05-08-2030,11.0,6.0,2.0,0.0,,1.0,0.0,0.0,0.0,3.0,5.0,0.0,2.0,0.0,3129.0,,30096.0,1.0,Married,,3113.0,0.0,,Graduation,3.0,2.0
0.0,0.0,1.0,131.0,15.0,1.0,64.0,11-12-2028,100.0,6.0,2.0,3.0,20.0,0.0,,0.0,0.0,9.0,7.0,1.0,3.0,0.0,4391.0,,63841.0,7.0,Divorced,,3098.0,0.0,11.0,Master,,9.0
0.0,,1.0,54.0,50.0,1.0,2.0,20-08-2029,431.0,1.0,1.0,6.0,134.0,0.0,0.0,0.0,0.0,7.0,35.0,0.0,3.0,0.0,5332.0,362.0,,3.0,Married,96.12,3090.0,0.0,11.0,2n Cycle,3.0,3.0
,0.0,,31.0,159.0,3.0,80.0,29-11-2028,447.0,7.0,,10.0,,1.0,0.0,,0.0,12.0,0.0,0.0,4.0,0.0,7441.0,958.0,71128.0,10.0,Divorced,,3103.0,,11.0,Graduation,3.0,2.0
1.0,0.0,0.0,218.0,24.0,,70.0,,29.0,3.0,3.0,5.0,6.0,0.0,0.0,0.0,0.0,6.0,24.0,,4.0,0.0,3717.0,,61180.0,9.0,Married,109.46,3089.0,0.0,11.0,Graduation,3.0,5.0
0.0,0.0,2.0,91.0,20.0,4.0,28.0,30-03-2029,57.0,7.0,0.0,1.0,8.0,0.0,,0.0,0.0,5.0,20.0,1.0,1.0,0.0,7798.0,233.0,46344.0,,Together,1.87,3102.0,0.0,11.0,2n Cycle,3.0,7.0
,0.0,3.0,1.0,1.0,2.0,25.0,11-06-2029,16.0,7.0,1.0,0.0,0.0,1.0,0.0,0.0,0.0,3.0,1.0,1.0,,0.0,6950.0,35.0,,4.0,Married,35.04,3088.0,0.0,11.0,Master,3.0,2.0
0.0,0.0,2.0,18.0,0.0,1.0,34.0,24-10-2030,8.0,2.0,1.0,1.0,6.0,,,0.0,0.0,3.0,2.0,0.0,5.0,0.0,,23.0,35682.0,2.0,Divorced,67.82,3100.0,0.0,11.0,,3.0,
0.0,,1.0,210.0,,0.0,95.0,03-05-2028,106.0,3.0,2.0,7.0,55.0,0.0,0.0,0.0,0.0,9.0,63.0,0.0,5.0,0.0,2931.0,737.0,71847.0,9.0,Divorced,64.44,3108.0,0.0,11.0,Graduation,3.0,6.0
0.0,0.0,1.0,,3.0,3.0,13.0,05-06-2030,29.0,5.0,1.0,1.0,0.0,1.0,0.0,0.0,0.0,,4.0,0.0,,0.0,6205.0,34.0,32557.0,10.0,Single,2.63,3097.0,1.0,11.0,Master,3.0,2.0
0.0,0.0,4.0,1.0,1.0,,40.0,05-05-2029,8.0,8.0,1.0,0.0,0.0,,0.0,0.0,0.0,2.0,0.0,,4.0,0.0,10207.0,5.0,,3.0,,9.77,3108.0,0.0,11.0,Graduation,3.0,1.0
,0.0,2.0,6.0,7.0,3.0,15.0,03-04-2030,23.0,5.0,,0.0,0.0,1.0,0.0,0.0,1.0,4.0,8.0,0.0,3.0,,5726.0,,31788.0,8.0,,30.68,3113.0,0.0,11.0,Master,3.0,3.0
0.0,0.0,2.0,12.0,3.0,1.0,33.0,05-06-2029,60.0,7.0,0.0,1.0,12.0,0.0,0.0,1.0,0.0,7.0,9.0,0.0,,0.0,199.0,,,,Single,107.14,3092.0,0.0,11.0,,3.0,4.0
0.0,0.0,1.0,80.0,80.0,3.0,61.0,07-02-2029,428.0,5.0,,4.0,208.0,0.0,0.0,0.0,0.0,8.0,93.0,1.0,2.0,0.0,3599.0,575.0,63684.0,8.0,Married,34.63,3100.0,0.0,11.0,Graduation,3.0,8.0
0.0,0.0,1.0,54.0,45.0,1.0,55.0,01-04-2028,604.0,2.0,3.0,4.0,34.0,0.0,0.0,0.0,0.0,10.0,26.0,0.0,3.0,0.0,6905.0,241.0,,3.0,,9.75,,0.0,11.0,Graduation,3.0,6.0
0.0,0.0,3.0,15.0,7.0,2.0,2.0,19-06-2029,115.0,,1.0,3.0,30.0,0.0,0.0,0.0,0.0,12.0,0.0,2.0,3.0,0.0,4405.0,622.0,63915.0,10.0,Married,35.03,3086.0,0.0,11.0,Master,3.0,6.0
0.0,,1.0,12.0,76.0,1.0,88.0,09-07-2029,395.0,1.0,0.0,6.0,116.0,0.0,0.0,0.0,0.0,9.0,0.0,0.0,3.0,0.0,1745.0,714.0,,1.0,Divorced,25.55,3092.0,,11.0,PhD,3.0,4.0
0.0,0.0,2.0,92.0,5.0,9.0,,30-05-2029,109.0,6.0,3.0,2.0,,1.0,0.0,0.0,0.0,10.0,109.0,1.0,3.0,0.0,851.0,306.0,57136.0,1.0,Married,99.63,3102.0,0.0,,,3.0,5.0
0.0,0.0,1.0,27.0,,6.0,31.0,02-11-2028,131.0,,,1.0,32.0,0.0,0.0,,0.0,7.0,0.0,1.0,,0.0,607.0,302.0,,7.0,Divorced,84.84,3085.0,0.0,11.0,2n Cycle,3.0,8.0
1.0,0.0,,27.0,7.0,2.0,31.0,12-02-2030,59.0,6.0,1.0,1.0,2.0,1.0,0.0,0.0,0.0,,,0.0,4.0,0.0,749.0,46.0,,2.0,Together,,3111.0,1.0,11.0,Graduation,3.0,3.0
0.0,0.0,2.0,15.0,33.0,5.0,8.0,07-09-2028,60.0,8.0,1.0,2.0,,1.0,0.0,0.0,0.0,5.0,3.0,1.0,3.0,0.0,,199.0,,3.0,Together,11.34,3101.0,1.0,11.0,Graduation,3.0,5.0
0.0,0.0,1.0,31.0,1.0,,3.0,04-03-2029,,7.0,1.0,2.0,0.0,1.0,0.0,0.0,0.0,2.0,2.0,1.0,3.0,0.0,6379.0,,,1.0,Widow,42.64,3079.0,1.0,11.0,Master,3.0,2.0
0.0,1.0,4.0,,24.0,1.0,,19-09-2028,974.0,4.0,3.0,7.0,197.0,0.0,0.0,1.0,,,194.0,0.0,2.0,,4947.0,606.0,89572.0,2.0,Single,78.41,3096.0,1.0,11.0,2n Cycle,3.0,7.0
,0.0,2.0,41.0,4.0,4.0,4.0,12-05-2029,30.0,7.0,2.0,1.0,3.0,,0.0,0.0,0.0,4.0,6.0,1.0,3.0,0.0,,173.0,53359.0,10.0,Married,46.85,3106.0,0.0,11.0,Graduation,3.0,5.0
0.0,0.0,,1.0,1.0,1.0,14.0,20-01-2029,2.0,5.0,2.0,0.0,4.0,0.0,0.0,0.0,0.0,3.0,,0.0,3.0,0.0,5029.0,3.0,18100.0,1.0,Married,14.05,3076.0,0.0,11.0,,3.0,0.0
0.0,0.0,1.0,10.0,4.0,1.0,16.0,,5.0,7.0,1.0,1.0,4.0,0.0,0.0,0.0,0.0,2.0,2.0,0.0,3.0,0.0,2518.0,5.0,20491.0,9.0,Together,75.49,3116.0,0.0,11.0,2n Cycle,3.0,0.0
0.0,0.0,1.0,16.0,1.0,3.0,61.0,14-06-2029,34.0,8.0,0.0,2.0,2.0,2.0,0.0,,0.0,2.0,,1.0,4.0,0.0,9579.0,53.0,33762.0,5.0,Married,59.91,3089.0,0.0,11.0,PhD,3.0,2.0
0.0,0.0,3.0,,4.0,2.0,87.0,14-06-2030,10.0,,0.0,1.0,3.0,1.0,0.0,0.0,0.0,3.0,4.0,1.0,3.0,0.0,4279.0,15.0,39548.0,6.0,Single,17.55,3093.0,,11.0,2n Cycle,3.0,1.0
,0.0,1.0,2.0,1.0,2.0,,,7.0,4.0,1.0,0.0,2.0,,0.0,0.0,0.0,3.0,1.0,1.0,3.0,,10914.0,,24163.0,2.0,,14.01,3100.0,0.0,11.0,Graduation,3.0,1.0
0.0,0.0,1.0,5.0,15.0,1.0,78.0,03-11-2029,89.0,4.0,1.0,1.0,34.0,0.0,,0.0,0.0,6.0,42.0,,3.0,0.0,,89.0,59686.0,3.0,Single,112.28,3095.0,0.0,11.0,Graduation,3.0,4.0
0.0,0.0,1.0,24.0,3.0,1.0,4.0,18-02-2030,67.0,6.0,2.0,,10.0,2.0,0.0,0.0,0.0,3.0,8.0,0.0,2.0,0.0,2130.0,35.0,45203.0,4.0,Together,15.1,3112.0,1.0,11.0,Graduation,3.0,3.0
0.0,0.0,0.0,1.0,1.0,1.0,10.0,20-03-2029,33.0,6.0,,1.0,2.0,0.0,0.0,,0.0,,1.0,1.0,2.0,,5429.0,145.0,45579.0,2.0,,112.38,3078.0,0.0,11.0,PhD,3.0,4.0
0.0,0.0,2.0,,19.0,3.0,21.0,16-06-2028,364.0,7.0,2.0,5.0,,0.0,0.0,0.0,0.0,10.0,47.0,1.0,2.0,0.0,6233.0,507.0,65991.0,,Married,53.52,3106.0,0.0,11.0,Graduation,3.0,9.0
0.0,0.0,1.0,8.0,4.0,1.0,20.0,16-11-2028,,7.0,1.0,0.0,4.0,1.0,0.0,0.0,0.0,3.0,3.0,0.0,4.0,0.0,2874.0,6.0,35388.0,5.0,,36.24,,0.0,11.0,2n Cycle,3.0,1.0
0.0,1.0,2.0,0.0,0.0,1.0,25.0,25-12-2029,545.0,6.0,4.0,4.0,95.0,0.0,0.0,0.0,,10.0,58.0,,3.0,0.0,8492.0,795.0,75437.0,10.0,,115.06,3108.0,0.0,11.0,Graduation,3.0,8.0
0.0,0.0,1.0,8.0,,2.0,36.0,22-01-2030,12.0,3.0,7.0,1.0,11.0,1.0,0.0,0.0,0.0,3.0,2.0,0.0,3.0,0.0,1646.0,4.0,25224.0,7.0,Married,60.15,3102.0,0.0,,Basic,3.0,1.0
0.0,0.0,0.0,39.0,,,30.0,10-10-2028,137.0,7.0,5.0,1.0,4.0,1.0,0.0,,,8.0,15.0,1.0,1.0,0.0,6798.0,231.0,37070.0,4.0,,94.23,3096.0,1.0,11.0,Graduation,3.0,
0.0,0.0,1.0,9.0,19.0,1.0,,,69.0,2.0,4.0,4.0,12.0,0.0,0.0,0.0,0.0,8.0,0.0,1.0,3.0,,10766.0,397.0,65526.0,2.0,Married,51.98,3094.0,0.0,11.0,,3.0,4.0
,0.0,2.0,16.0,33.0,2.0,,20-01-2029,,7.0,,,21.0,0.0,,0.0,0.0,4.0,33.0,1.0,,,7899.0,1245.0,77610.0,5.0,Married,5.95,3082.0,0.0,11.0,PhD,3.0,4.0
0.0,0.0,3.0,28.0,31.0,4.0,59.0,13-09-2028,422.0,3.0,2.0,5.0,0.0,,0.0,0.0,0.0,11.0,112.0,1.0,,0.0,8969.0,548.0,71855.0,6.0,Married,103.69,3107.0,0.0,11.0,Graduation,3.0,5.0
0.0,0.0,2.0,170.0,79.0,2.0,69.0,25-10-2028,341.0,4.0,2.0,5.0,177.0,0.0,0.0,0.0,0.0,4.0,136.0,1.0,3.0,0.0,7072.0,432.0,,6.0,Married,81.17,3103.0,0.0,11.0,Graduation,3.0,8.0
0.0,0.0,2.0,61.0,,4.0,94.0,,257.0,6.0,1.0,3.0,93.0,1.0,0.0,0.0,0.0,12.0,61.0,,2.0,0.0,4786.0,555.0,75330.0,10.0,Married,84.65,,0.0,11.0,Graduation,3.0,10.0
0.0,0.0,2.0,36.0,0.0,2.0,85.0,09-06-2029,10.0,5.0,2.0,,,1.0,0.0,0.0,0.0,4.0,4.0,1.0,4.0,0.0,6289.0,135.0,59385.0,6.0,Together,64.49,3081.0,0.0,11.0,Master,,3.0
0.0,0.0,1.0,61.0,138.0,2.0,97.0,27-01-2030,354.0,4.0,2.0,6.0,160.0,0.0,0.0,0.0,0.0,7.0,169.0,1.0,3.0,0.0,5046.0,756.0,78331.0,8.0,Divorced,9.45,3088.0,0.0,11.0,Graduation,,10.0
0.0,0.0,2.0,108.0,48.0,,42.0,16-05-2028,350.0,5.0,2.0,3.0,94.0,0.0,0.0,0.0,0.0,6.0,84.0,0.0,4.0,,1867.0,652.0,64849.0,10.0,Single,,3087.0,1.0,11.0,Graduation,3.0,9.0
1.0,0.0,3.0,22.0,4.0,2.0,10.0,31-03-2030,14.0,8.0,4.0,1.0,8.0,1.0,0.0,0.0,0.0,2.0,8.0,0.0,2.0,0.0,1384.0,6.0,17256.0,3.0,Married,30.04,3122.0,0.0,11.0,Basic,3.0,2.0
0.0,0.0,3.0,,2.0,1.0,9.0,17-09-2029,7.0,3.0,5.0,,4.0,0.0,0.0,0.0,0.0,3.0,2.0,1.0,3.0,0.0,1515.0,11.0,34176.0,,Together,74.67,3105.0,0.0,11.0,Master,3.0,1.0
0.0,0.0,2.0,162.0,,3.0,57.0,05-02-2029,141.0,2.0,2.0,4.0,73.0,0.0,0.0,0.0,0.0,12.0,35.0,1.0,1.0,0.0,9166.0,387.0,63967.0,10.0,Married,55.93,3098.0,0.0,11.0,Graduation,,4.0
,0.0,2.0,91.0,,1.0,75.0,07-05-2030,149.0,1.0,3.0,2.0,25.0,0.0,0.0,,0.0,12.0,43.0,0.0,3.0,0.0,9937.0,187.0,70337.0,1.0,Single,,3109.0,0.0,11.0,Graduation,3.0,2.0
0.0,0.0,0.0,9.0,3.0,1.0,94.0,31-03-2030,6.0,5.0,1.0,0.0,10.0,1.0,,0.0,0.0,3.0,0.0,0.0,,,8373.0,1.0,24594.0,5.0,Together,99.19,3109.0,0.0,11.0,Basic,3.0,1.0
0.0,0.0,2.0,9.0,3.0,1.0,30.0,18-11-2029,11.0,6.0,1.0,0.0,12.0,1.0,0.0,0.0,0.0,3.0,5.0,,2.0,0.0,7516.0,5.0,30096.0,10.0,,106.21,3113.0,0.0,11.0,,3.0,2.0
0.0,0.0,2.0,3.0,5.0,3.0,,22-02-2029,24.0,5.0,3.0,,4.0,1.0,0.0,0.0,0.0,3.0,0.0,1.0,1.0,0.0,7393.0,,41580.0,1.0,Together,2.66,3108.0,0.0,11.0,Graduation,3.0,2.0
0.0,0.0,,13.0,,1.0,19.0,22-10-2030,483.0,1.0,0.0,,123.0,0.0,0.0,0.0,0.0,,13.0,0.0,4.0,0.0,7959.0,658.0,79410.0,5.0,Married,102.99,3091.0,0.0,11.0,Graduation,3.0,3.0
0.0,0.0,3.0,7.0,11.0,3.0,0.0,14-07-2029,68.0,5.0,1.0,1.0,25.0,0.0,0.0,0.0,0.0,8.0,7.0,1.0,2.0,0.0,115.0,275.0,43456.0,10.0,Single,94.2,3096.0,0.0,11.0,Master,3.0,5.0
0.0,0.0,2.0,,91.0,1.0,18.0,22-12-2028,410.0,1.0,2.0,4.0,,0.0,,,0.0,10.0,0.0,0.0,3.0,0.0,11056.0,546.0,72099.0,9.0,Married,30.47,3104.0,0.0,11.0,Graduation,,3.0
0.0,0.0,1.0,84.0,70.0,1.0,77.0,08-08-2029,324.0,1.0,3.0,7.0,146.0,0.0,,0.0,0.0,11.0,40.0,0.0,2.0,0.0,6071.0,493.0,81217.0,1.0,Single,114.27,3119.0,0.0,11.0,,3.0,3.0
,0.0,3.0,134.0,16.0,6.0,24.0,23-09-2029,160.0,6.0,1.0,4.0,84.0,0.0,0.0,0.0,0.0,6.0,16.0,1.0,,0.0,1378.0,284.0,50334.0,,Together,46.43,3102.0,0.0,,2n Cycle,3.0,
0.0,0.0,0.0,5.0,2.0,1.0,62.0,,20.0,7.0,3.0,0.0,3.0,1.0,0.0,0.0,,3.0,2.0,1.0,3.0,0.0,4937.0,12.0,46094.0,2.0,Married,106.86,3103.0,0.0,11.0,,3.0,1.0
0.0,,0.0,,30.0,,85.0,24-09-2030,415.0,2.0,1.0,5.0,63.0,0.0,,0.0,0.0,4.0,33.0,0.0,2.0,0.0,7321.0,292.0,76081.0,2.0,Together,23.16,3092.0,0.0,,Graduation,3.0,4.0
0.0,0.0,0.0,2.0,1.0,0.0,31.0,16-04-2029,16.0,1.0,2.0,0.0,2.0,1.0,0.0,0.0,0.0,1.0,1.0,,2.0,0.0,1503.0,,162397.0,2.0,Together,25.95,3106.0,0.0,11.0,PhD,,0.0
0.0,0.0,3.0,14.0,19.0,1.0,29.0,15-08-2030,125.0,2.0,0.0,2.0,37.0,0.0,0.0,0.0,0.0,10.0,67.0,1.0,4.0,,,245.0,65486.0,3.0,Widow,,3087.0,0.0,11.0,Graduation,3.0,4.0
0.0,0.0,1.0,17.0,6.0,2.0,96.0,,52.0,5.0,3.0,1.0,11.0,0.0,,0.0,,5.0,8.0,1.0,3.0,,5948.0,143.0,57338.0,9.0,Single,41.3,3105.0,0.0,11.0,Graduation,3.0,
,0.0,3.0,3.0,12.0,3.0,33.0,15-10-2030,12.0,,0.0,0.0,0.0,,0.0,0.0,0.0,4.0,3.0,2.0,3.0,0.0,1448.0,21.0,33562.0,1.0,Married,56.99,,0.0,11.0,,3.0,2.0
0.0,0.0,2.0,40.0,101.0,1.0,73.0,18-05-2029,,2.0,2.0,5.0,29.0,0.0,0.0,0.0,0.0,6.0,40.0,0.0,4.0,0.0,6445.0,243.0,66825.0,,Together,73.18,3097.0,,11.0,Graduation,,4.0
0.0,0.0,0.0,63.0,0.0,2.0,29.0,23-02-2028,72.0,7.0,1.0,2.0,,0.0,0.0,1.0,0.0,10.0,0.0,1.0,2.0,0.0,7922.0,819.0,64950.0,6.0,Single,,3081.0,,,PhD,3.0,
0.0,0.0,0.0,102.0,89.0,10.0,98.0,14-10-2028,650.0,7.0,0.0,6.0,,1.0,0.0,0.0,,9.0,102.0,2.0,3.0,0.0,4974.0,433.0,83273.0,7.0,Single,92.0,3100.0,0.0,11.0,,3.0,4.0
0.0,0.0,1.0,0.0,0.0,1.0,24.0,,3.0,5.0,4.0,0.0,0.0,1.0,0.0,0.0,0.0,3.0,0.0,1.0,,0.0,5329.0,,35946.0,5.0,Divorced,25.07,3079.0,0.0,11.0,PhD,3.0,0.0
,1.0,1.0,44.0,29.0,1.0,64.0,10-06-2029,514.0,3.0,1.0,2.0,38.0,,0.0,0.0,0.0,,29.0,0.0,5.0,1.0,9606.0,,,1.0,Married,,3095.0,1.0,11.0,PhD,3.0,4.0
0.0,0.0,1.0,34.0,2.0,6.0,35.0,27-04-2030,89.0,8.0,2.0,1.0,0.0,,0.0,0.0,0.0,4.0,0.0,1.0,5.0,,807.0,167.0,44602.0,8.0,Together,1.49,3099.0,0.0,11.0,Master,3.0,6.0
0.0,0.0,,133.0,53.0,7.0,87.0,22-07-2029,178.0,8.0,0.0,2.0,23.0,1.0,0.0,1.0,0.0,8.0,17.0,,3.0,0.0,2350.0,623.0,59666.0,4.0,Married,4.42,,0.0,,Graduation,3.0,3.0
,1.0,0.0,63.0,147.0,1.0,44.0,29-11-2028,112.0,,2.0,7.0,219.0,0.0,0.0,0.0,0.0,,147.0,0.0,3.0,0.0,9274.0,,80950.0,1.0,Married,98.1,3091.0,0.0,11.0,Master,3.0,6.0
0.0,0.0,1.0,15.0,7.0,3.0,39.0,,15.0,6.0,0.0,1.0,13.0,1.0,0.0,0.0,0.0,3.0,9.0,,1.0,0.0,6919.0,4.0,26224.0,1.0,Married,22.31,3108.0,0.0,11.0,2n Cycle,3.0,
0.0,0.0,2.0,7.0,1.0,2.0,88.0,25-05-2029,29.0,8.0,4.0,0.0,3.0,1.0,0.0,0.0,0.0,3.0,0.0,0.0,3.0,0.0,503.0,13.0,20559.0,2.0,Married,84.5,3115.0,0.0,11.0,Master,3.0,2.0
0.0,0.0,2.0,2.0,26.0,5.0,16.0,11-02-2030,67.0,7.0,1.0,1.0,3.0,1.0,0.0,0.0,0.0,5.0,67.0,1.0,2.0,0.0,,129.0,70844.0,10.0,Divorced,106.06,,0.0,11.0,Graduation,,6.0
0.0,0.0,2.0,54.0,54.0,1.0,65.0,27-04-2029,260.0,,1.0,7.0,127.0,0.0,0.0,0.0,0.0,5.0,54.0,1.0,5.0,0.0,2004.0,619.0,72679.0,10.0,Single,,3099.0,0.0,11.0,Graduation,,4.0
0.0,0.0,4.0,177.0,44.0,3.0,,05-05-2028,212.0,8.0,2.0,4.0,46.0,0.0,0.0,0.0,0.0,8.0,8.0,1.0,1.0,0.0,,584.0,,10.0,Divorced,76.41,3095.0,0.0,11.0,2n Cycle,,11.0
0.0,0.0,2.0,16.0,0.0,,86.0,06-08-2030,7.0,5.0,,2.0,0.0,,0.0,,0.0,2.0,0.0,1.0,2.0,,,76.0,38829.0,10.0,Married,3.36,,0.0,,PhD,3.0,3.0
0.0,0.0,1.0,18.0,32.0,1.0,11.0,21-01-2030,38.0,6.0,2.0,1.0,11.0,0.0,0.0,0.0,0.0,4.0,3.0,0.0,3.0,0.0,11191.0,,41411.0,9.0,,24.09,3116.0,0.0,11.0,,3.0,2.0
0.0,0.0,2.0,18.0,1.0,1.0,50.0,30-11-2029,,8.0,2.0,,4.0,1.0,0.0,0.0,0.0,3.0,3.0,0.0,3.0,0.0,10380.0,40.0,37787.0,3.0,Married,27.75,3102.0,0.0,11.0,Master,3.0,3.0
,1.0,1.0,27.0,161.0,0.0,78.0,,430.0,1.0,1.0,,186.0,0.0,0.0,0.0,,6.0,161.0,0.0,4.0,1.0,3910.0,897.0,83829.0,,Divorced,99.59,3105.0,1.0,11.0,,3.0,4.0
0.0,,1.0,71.0,10.0,6.0,69.0,01-03-2030,67.0,6.0,1.0,1.0,30.0,1.0,0.0,0.0,0.0,8.0,27.0,1.0,2.0,,3281.0,206.0,49154.0,10.0,,53.91,3090.0,0.0,,PhD,3.0,4.0
0.0,0.0,2.0,1.0,1.0,1.0,75.0,13-02-2029,7.0,9.0,2.0,0.0,,1.0,0.0,0.0,0.0,2.0,1.0,,3.0,0.0,10735.0,14.0,22804.0,4.0,Single,91.62,,0.0,11.0,Graduation,3.0,2.0
0.0,0.0,2.0,5.0,4.0,2.0,5.0,16-02-2030,24.0,7.0,0.0,0.0,4.0,1.0,0.0,,0.0,4.0,2.0,0.0,4.0,0.0,6678.0,33.0,31928.0,1.0,Together,75.63,3119.0,0.0,11.0,,3.0,3.0
0.0,0.0,2.0,20.0,,4.0,30.0,03-02-2029,22.0,7.0,1.0,1.0,4.0,1.0,0.0,0.0,,3.0,2.0,1.0,2.0,0.0,6690.0,38.0,38179.0,4.0,Married,40.57,3096.0,0.0,11.0,Master,3.0,3.0
,0.0,3.0,21.0,,10.0,17.0,05-02-2029,,5.0,1.0,4.0,,1.0,0.0,0.0,,9.0,42.0,1.0,5.0,0.0,3478.0,267.0,60585.0,2.0,Married,103.5,3101.0,,11.0,PhD,3.0,7.0
0.0,0.0,1.0,47.0,23.0,3.0,62.0,24-10-2028,29.0,6.0,3.0,,29.0,1.0,0.0,0.0,,4.0,14.0,1.0,,0.0,236.0,28.0,,6.0,Married,63.03,,0.0,,Graduation,3.0,2.0
0.0,0.0,3.0,39.0,7.0,9.0,30.0,10-07-2029,137.0,7.0,2.0,1.0,4.0,1.0,0.0,0.0,0.0,8.0,15.0,1.0,2.0,0.0,4168.0,231.0,37070.0,4.0,Single,33.48,3096.0,1.0,11.0,Graduation,3.0,5.0
0.0,,1.0,,162.0,1.0,46.0,10-04-2030,,1.0,1.0,,173.0,0.0,0.0,0.0,0.0,7.0,,0.0,2.0,0.0,6637.0,277.0,66951.0,7.0,,106.24,3118.0,0.0,11.0,Graduation,3.0,3.0
0.0,0.0,1.0,,28.0,1.0,93.0,22-06-2028,100.0,3.0,,9.0,120.0,0.0,0.0,0.0,,4.0,74.0,0.0,,0.0,9286.0,407.0,83151.0,8.0,Together,42.57,3090.0,0.0,11.0,Master,3.0,5.0
0.0,0.0,1.0,,12.0,3.0,62.0,17-07-2029,50.0,,2.0,,4.0,1.0,0.0,0.0,0.0,3.0,36.0,0.0,1.0,,,,34412.0,2.0,Single,68.62,3120.0,0.0,11.0,,3.0,5.0
0.0,0.0,0.0,0.0,0.0,1.0,26.0,31-01-2030,13.0,3.0,2.0,,0.0,0.0,0.0,0.0,,3.0,1.0,1.0,5.0,0.0,4220.0,73.0,,10.0,Married,106.63,3100.0,0.0,11.0,PhD,3.0,2.0
0.0,0.0,1.0,14.0,3.0,2.0,42.0,,29.0,4.0,,2.0,4.0,0.0,0.0,0.0,0.0,4.0,5.0,1.0,1.0,0.0,3602.0,140.0,51412.0,,Married,63.94,3088.0,0.0,11.0,Master,3.0,3.0
0.0,0.0,1.0,149.0,33.0,8.0,52.0,21-06-2028,249.0,6.0,1.0,9.0,64.0,0.0,0.0,0.0,0.0,8.0,116.0,1.0,,0.0,2223.0,,64176.0,7.0,Divorced,19.72,3095.0,0.0,11.0,2n Cycle,3.0,8.0
0.0,0.0,3.0,22.0,,2.0,14.0,04-06-2029,35.0,8.0,1.0,1.0,6.0,0.0,0.0,0.0,0.0,5.0,0.0,1.0,2.0,0.0,10664.0,400.0,51529.0,5.0,Widow,41.33,3079.0,0.0,,Master,3.0,9.0
0.0,0.0,2.0,26.0,5.0,3.0,8.0,07-09-2028,30.0,8.0,1.0,0.0,8.0,1.0,0.0,0.0,,4.0,7.0,0.0,2.0,0.0,10995.0,16.0,15716.0,6.0,Married,5.78,3118.0,0.0,11.0,2n Cycle,3.0,3.0
0.0,0.0,1.0,5.0,2.0,,88.0,26-02-2029,5.0,6.0,1.0,,0.0,1.0,0.0,0.0,0.0,2.0,0.0,1.0,3.0,0.0,692.0,,36807.0,2.0,Together,32.51,3084.0,0.0,11.0,Graduation,3.0,1.0
0.0,0.0,0.0,,36.0,3.0,1.0,25-12-2028,,3.0,2.0,,189.0,0.0,0.0,0.0,0.0,6.0,,,1.0,0.0,1402.0,496.0,66991.0,8.0,Married,106.29,3084.0,0.0,11.0,Master,3.0,4.0
0.0,0.0,1.0,10.0,,1.0,64.0,07-11-2028,13.0,,4.0,0.0,,1.0,0.0,0.0,0.0,3.0,0.0,0.0,3.0,0.0,7152.0,12.0,27100.0,9.0,,26.69,3113.0,0.0,11.0,,3.0,1.0
0.0,0.0,2.0,54.0,124.0,,88.0,27-07-2028,156.0,2.0,0.0,5.0,71.0,0.0,,0.0,0.0,,78.0,1.0,1.0,0.0,2736.0,366.0,73807.0,6.0,Married,71.51,3108.0,0.0,11.0,Graduation,,5.0
0.0,,3.0,,12.0,,80.0,26-01-2029,18.0,7.0,5.0,0.0,7.0,1.0,0.0,0.0,0.0,,,0.0,1.0,0.0,5252.0,,23910.0,2.0,Divorced,34.73,3099.0,0.0,11.0,,3.0,2.0
0.0,0.0,1.0,191.0,,1.0,6.0,29-07-2028,751.0,4.0,,5.0,82.0,0.0,0.0,0.0,,13.0,26.0,0.0,4.0,0.0,10814.0,303.0,70321.0,5.0,Together,73.27,3077.0,1.0,11.0,Graduation,3.0,6.0
0.0,0.0,1.0,15.0,1.0,4.0,44.0,28-02-2030,,4.0,1.0,0.0,,1.0,0.0,0.0,0.0,,2.0,1.0,3.0,0.0,10613.0,26.0,37334.0,4.0,Together,81.56,3088.0,0.0,11.0,PhD,3.0,3.0
0.0,0.0,3.0,12.0,63.0,4.0,3.0,,292.0,6.0,3.0,,0.0,0.0,0.0,,0.0,7.0,25.0,0.0,4.0,0.0,1631.0,890.0,65220.0,4.0,Together,48.59,3095.0,1.0,11.0,PhD,3.0,8.0
1.0,0.0,2.0,25.0,2.0,1.0,90.0,,10.0,7.0,0.0,,0.0,1.0,0.0,0.0,,2.0,0.0,1.0,2.0,0.0,4351.0,18.0,37244.0,9.0,Divorced,109.45,3085.0,0.0,11.0,Graduation,3.0,1.0
0.0,1.0,2.0,172.0,24.0,0.0,62.0,29-07-2029,790.0,2.0,0.0,8.0,160.0,0.0,0.0,1.0,0.0,5.0,,0.0,4.0,1.0,6024.0,1111.0,94384.0,10.0,Together,15.27,3083.0,1.0,11.0,Graduation,3.0,5.0
0.0,0.0,2.0,14.0,0.0,2.0,25.0,16-04-2030,6.0,6.0,1.0,1.0,2.0,,0.0,0.0,0.0,3.0,1.0,1.0,2.0,,8594.0,112.0,50520.0,10.0,Widow,89.3,3088.0,0.0,11.0,PhD,3.0,3.0
1.0,0.0,3.0,200.0,19.0,2.0,,15-04-2029,181.0,5.0,1.0,6.0,12.0,0.0,,0.0,0.0,11.0,0.0,2.0,3.0,0.0,3759.0,743.0,65196.0,1.0,,106.05,3088.0,,11.0,Graduation,3.0,7.0
0.0,0.0,2.0,14.0,11.0,1.0,3.0,17-08-2029,57.0,2.0,3.0,1.0,10.0,0.0,0.0,0.0,0.0,6.0,28.0,,,0.0,9970.0,42.0,55375.0,10.0,Together,89.36,,0.0,11.0,Graduation,3.0,1.0
,0.0,,51.0,19.0,2.0,,02-09-2030,,2.0,0.0,3.0,4.0,,0.0,0.0,0.0,8.0,11.0,1.0,3.0,0.0,9797.0,228.0,58116.0,7.0,Married,106.73,3086.0,0.0,11.0,,3.0,3.0
0.0,0.0,2.0,91.0,,1.0,6.0,15-12-2028,300.0,3.0,0.0,,86.0,0.0,0.0,0.0,0.0,12.0,58.0,1.0,2.0,0.0,4320.0,325.0,60152.0,9.0,Single,21.21,3109.0,0.0,11.0,Graduation,3.0,
0.0,0.0,2.0,120.0,90.0,5.0,74.0,26-12-2028,94.0,9.0,3.0,1.0,123.0,1.0,0.0,0.0,0.0,5.0,103.0,0.0,2.0,0.0,367.0,47.0,36550.0,7.0,Married,5.8,3108.0,0.0,11.0,2n Cycle,3.0,9.0
0.0,0.0,,17.0,4.0,2.0,34.0,29-04-2030,10.0,6.0,2.0,0.0,6.0,2.0,0.0,0.0,0.0,3.0,4.0,,2.0,0.0,5654.0,20.0,36026.0,3.0,Married,29.98,,0.0,11.0,Graduation,3.0,
,,2.0,0.0,0.0,1.0,1.0,17-04-2030,1.0,6.0,1.0,0.0,0.0,2.0,0.0,0.0,0.0,2.0,,1.0,2.0,0.0,5824.0,7.0,34578.0,6.0,Together,69.84,3102.0,0.0,11.0,PhD,3.0,1.0
0.0,0.0,1.0,15.0,12.0,2.0,25.0,21-10-2028,,8.0,1.0,0.0,3.0,1.0,0.0,0.0,,3.0,13.0,0.0,3.0,0.0,5527.0,4.0,22434.0,4.0,Together,45.4,3117.0,,,Graduation,3.0,2.0
0.0,0.0,2.0,10.0,5.0,3.0,42.0,28-04-2029,90.0,5.0,0.0,3.0,0.0,0.0,,0.0,0.0,7.0,16.0,2.0,3.0,0.0,3321.0,421.0,,5.0,Together,96.92,3097.0,0.0,11.0,PhD,3.0,7.0
0.0,0.0,1.0,78.0,,3.0,,11-01-2030,113.0,3.0,2.0,3.0,0.0,0.0,0.0,0.0,0.0,12.0,7.0,1.0,4.0,0.0,7683.0,554.0,70777.0,10.0,Married,54.11,3098.0,0.0,,Master,3.0,5.0
0.0,0.0,1.0,26.0,8.0,2.0,93.0,,11.0,9.0,3.0,1.0,19.0,1.0,0.0,0.0,0.0,2.0,12.0,,3.0,0.0,3628.0,4.0,15038.0,6.0,Single,,3117.0,,11.0,Basic,3.0,2.0
0.0,0.0,2.0,27.0,7.0,1.0,,19-08-2030,24.0,6.0,1.0,1.0,2.0,2.0,0.0,0.0,0.0,3.0,3.0,0.0,2.0,0.0,1349.0,85.0,50447.0,5.0,Married,64.11,3100.0,0.0,11.0,Graduation,3.0,3.0
0.0,0.0,2.0,107.0,40.0,2.0,32.0,10-08-2028,175.0,,3.0,8.0,158.0,0.0,,1.0,0.0,5.0,53.0,1.0,,0.0,5544.0,957.0,67384.0,6.0,Single,,3100.0,0.0,11.0,Graduation,3.0,7.0
0.0,0.0,3.0,5.0,1.0,2.0,43.0,01-01-2030,6.0,6.0,0.0,0.0,2.0,0.0,0.0,0.0,0.0,3.0,0.0,1.0,5.0,,1016.0,41.0,34554.0,1.0,Single,,,0.0,11.0,PhD,,2.0
0.0,0.0,0.0,9.0,10.0,,58.0,19-04-2030,13.0,2.0,1.0,1.0,4.0,0.0,0.0,,0.0,4.0,,0.0,4.0,0.0,,14.0,28332.0,8.0,Married,43.07,3082.0,0.0,11.0,Graduation,3.0,2.0
0.0,0.0,3.0,14.0,7.0,2.0,3.0,29-11-2029,154.0,3.0,1.0,3.0,19.0,0.0,0.0,0.0,0.0,11.0,0.0,,3.0,,4785.0,520.0,77622.0,9.0,,30.02,,0.0,11.0,PhD,3.0,6.0
0.0,0.0,1.0,17.0,12.0,2.0,5.0,21-01-2029,,7.0,4.0,0.0,3.0,,0.0,0.0,0.0,3.0,16.0,0.0,3.0,,4211.0,4.0,20425.0,3.0,Married,27.01,3116.0,0.0,11.0,Basic,,2.0
0.0,,2.0,3.0,0.0,2.0,94.0,27-11-2028,5.0,8.0,,0.0,0.0,,0.0,0.0,0.0,3.0,0.0,,4.0,0.0,10258.0,27.0,35791.0,9.0,Single,8.84,3095.0,0.0,11.0,Master,3.0,1.0
0.0,0.0,1.0,8.0,1.0,1.0,6.0,30-12-2028,3.0,,4.0,,0.0,1.0,0.0,0.0,0.0,3.0,4.0,1.0,3.0,0.0,10451.0,9.0,29672.0,1.0,Together,46.68,3095.0,0.0,11.0,Graduation,3.0,0.0
0.0,0.0,1.0,,16.0,2.0,33.0,06-07-2030,223.0,6.0,2.0,1.0,21.0,1.0,0.0,0.0,0.0,8.0,43.0,1.0,4.0,0.0,6887.0,245.0,79146.0,1.0,Single,92.45,3097.0,0.0,11.0,Graduation,3.0,8.0
0.0,0.0,1.0,52.0,12.0,,57.0,14-09-2029,23.0,7.0,2.0,1.0,8.0,0.0,0.0,,0.0,3.0,11.0,0.0,3.0,0.0,5123.0,,27450.0,6.0,,15.16,,0.0,11.0,,3.0,2.0
0.0,1.0,0.0,,,1.0,69.0,26-10-2029,461.0,3.0,3.0,5.0,60.0,0.0,,1.0,0.0,12.0,30.0,0.0,3.0,0.0,,861.0,,,Married,113.16,3119.0,0.0,11.0,,3.0,6.0
1.0,0.0,0.0,20.0,0.0,2.0,37.0,05-04-2030,8.0,5.0,3.0,1.0,4.0,,0.0,0.0,0.0,,2.0,1.0,2.0,0.0,5107.0,15.0,35860.0,1.0,Divorced,64.47,,0.0,11.0,PhD,3.0,
0.0,0.0,2.0,4.0,2.0,5.0,50.0,29-03-2029,,8.0,3.0,0.0,3.0,1.0,0.0,0.0,0.0,4.0,1.0,1.0,4.0,0.0,10031.0,,16927.0,1.0,Married,102.23,3106.0,0.0,11.0,,3.0,3.0
0.0,0.0,,153.0,,3.0,,15-05-2028,399.0,6.0,3.0,10.0,60.0,0.0,0.0,0.0,0.0,4.0,46.0,1.0,4.0,0.0,5667.0,1013.0,60896.0,5.0,,47.03,3094.0,1.0,11.0,PhD,3.0,9.0
0.0,0.0,3.0,,25.0,1.0,10.0,29-10-2028,459.0,,,6.0,124.0,0.0,0.0,0.0,0.0,7.0,29.0,0.0,2.0,1.0,2407.0,823.0,69109.0,10.0,Married,27.93,3112.0,1.0,11.0,Graduation,3.0,6.0
,0.0,,120.0,155.0,1.0,20.0,26-03-2028,,8.0,1.0,8.0,224.0,0.0,0.0,0.0,0.0,,17.0,0.0,2.0,0.0,4702.0,1000.0,61839.0,10.0,Single,1.81,3094.0,0.0,11.0,,3.0,4.0
0.0,0.0,2.0,187.0,12.0,6.0,68.0,25-05-2028,141.0,8.0,1.0,1.0,43.0,1.0,0.0,,0.0,5.0,39.0,0.0,2.0,0.0,8870.0,75.0,35196.0,2.0,Together,48.21,,1.0,11.0,Graduation,3.0,6.0
0.0,0.0,3.0,,3.0,1.0,32.0,04-09-2029,12.0,,,0.0,3.0,1.0,0.0,0.0,0.0,3.0,5.0,0.0,3.0,0.0,3102.0,2.0,19414.0,4.0,Together,23.77,3111.0,0.0,11.0,,3.0,
0.0,,1.0,38.0,19.0,1.0,95.0,13-08-2028,832.0,,2.0,5.0,75.0,0.0,,0.0,0.0,11.0,,0.0,2.0,0.0,,456.0,68655.0,7.0,Single,94.89,3118.0,0.0,11.0,Graduation,,4.0
0.0,1.0,1.0,54.0,0.0,1.0,30.0,,512.0,,1.0,5.0,33.0,0.0,0.0,0.0,0.0,8.0,,0.0,3.0,0.0,3762.0,196.0,69867.0,6.0,,90.79,3116.0,1.0,11.0,PhD,3.0,3.0
0.0,0.0,,3.0,0.0,2.0,,21-11-2030,19.0,6.0,0.0,0.0,6.0,1.0,0.0,0.0,0.0,3.0,5.0,1.0,3.0,0.0,,22.0,51111.0,8.0,,91.4,3111.0,0.0,11.0,2n Cycle,3.0,2.0
,0.0,0.0,8.0,0.0,3.0,6.0,26-09-2029,16.0,7.0,2.0,0.0,0.0,1.0,0.0,0.0,0.0,4.0,0.0,1.0,3.0,0.0,,68.0,46423.0,9.0,Single,90.54,3102.0,0.0,11.0,Master,3.0,2.0
0.0,0.0,2.0,17.0,71.0,1.0,60.0,07-02-2029,951.0,2.0,1.0,11.0,40.0,0.0,0.0,,0.0,10.0,17.0,0.0,,1.0,2109.0,448.0,96843.0,8.0,Single,109.19,3120.0,1.0,11.0,Graduation,3.0,6.0
0.0,0.0,1.0,13.0,12.0,4.0,52.0,20-10-2028,52.0,7.0,3.0,1.0,25.0,1.0,0.0,0.0,0.0,4.0,22.0,1.0,2.0,0.0,4764.0,45.0,,8.0,,114.68,3082.0,1.0,11.0,Master,3.0,3.0
0.0,0.0,0.0,190.0,114.0,6.0,23.0,22-01-2029,279.0,3.0,1.0,6.0,82.0,0.0,0.0,0.0,0.0,8.0,76.0,1.0,3.0,0.0,11112.0,736.0,70713.0,1.0,Together,13.42,3096.0,0.0,11.0,Graduation,3.0,5.0
0.0,0.0,0.0,13.0,4.0,2.0,89.0,07-05-2029,25.0,7.0,1.0,1.0,15.0,0.0,0.0,,,3.0,12.0,0.0,3.0,0.0,7892.0,6.0,18589.0,1.0,Single,103.78,3099.0,0.0,11.0,Graduation,3.0,2.0
0.0,1.0,,28.0,,2.0,25.0,19-02-2030,70.0,6.0,,,0.0,0.0,0.0,1.0,0.0,8.0,7.0,1.0,3.0,0.0,,626.0,65210.0,9.0,,55.7,3085.0,,11.0,Graduation,3.0,9.0
0.0,0.0,1.0,3.0,3.0,2.0,90.0,,19.0,,,0.0,0.0,,0.0,,0.0,3.0,2.0,0.0,5.0,0.0,7419.0,8.0,27071.0,2.0,Divorced,16.54,3098.0,0.0,,Master,,2.0
0.0,0.0,2.0,,6.0,,,,16.0,8.0,,0.0,20.0,1.0,0.0,0.0,0.0,3.0,0.0,0.0,4.0,0.0,5790.0,25.0,31158.0,,Married,95.32,3115.0,0.0,11.0,Graduation,3.0,2.0
0.0,0.0,1.0,4.0,1.0,,87.0,10-02-2030,2.0,7.0,1.0,0.0,,1.0,0.0,0.0,0.0,2.0,0.0,1.0,2.0,0.0,606.0,6.0,25930.0,4.0,Single,32.16,3097.0,,11.0,Graduation,3.0,1.0
0.0,0.0,0.0,16.0,16.0,1.0,81.0,04-12-2029,417.0,3.0,0.0,10.0,42.0,0.0,,1.0,0.0,6.0,48.0,0.0,2.0,1.0,6274.0,1076.0,83790.0,7.0,Married,86.49,3078.0,0.0,11.0,Master,3.0,8.0
0.0,0.0,,31.0,22.0,3.0,46.0,30-08-2028,133.0,4.0,1.0,3.0,41.0,0.0,,0.0,0.0,8.0,31.0,1.0,,0.0,10841.0,,56559.0,5.0,Together,67.02,3105.0,0.0,11.0,,3.0,4.0
0.0,0.0,1.0,29.0,5.0,,,07-05-2029,71.0,7.0,3.0,1.0,7.0,1.0,0.0,0.0,0.0,4.0,,1.0,4.0,0.0,10640.0,87.0,44392.0,10.0,,65.44,3104.0,,11.0,Graduation,3.0,
0.0,0.0,,101.0,12.0,4.0,45.0,03-02-2029,253.0,8.0,2.0,3.0,16.0,0.0,0.0,1.0,0.0,12.0,,1.0,2.0,0.0,1245.0,977.0,63810.0,3.0,,94.32,3096.0,0.0,11.0,Graduation,3.0,4.0
0.0,0.0,3.0,95.0,47.0,15.0,76.0,25-01-2029,181.0,7.0,3.0,6.0,149.0,1.0,0.0,0.0,0.0,9.0,95.0,,3.0,0.0,238.0,515.0,67309.0,10.0,Together,42.86,3097.0,0.0,11.0,,3.0,9.0
0.0,0.0,1.0,33.0,16.0,,71.0,12-12-2028,,3.0,0.0,7.0,43.0,0.0,0.0,0.0,0.0,11.0,24.0,1.0,3.0,0.0,2276.0,,57959.0,5.0,Single,43.32,,0.0,11.0,Graduation,3.0,4.0
0.0,0.0,1.0,5.0,19.0,3.0,24.0,25-06-2029,21.0,,2.0,1.0,16.0,1.0,0.0,,0.0,4.0,14.0,,1.0,0.0,4096.0,112.0,41335.0,1.0,Divorced,87.9,3098.0,0.0,,Master,3.0,4.0
0.0,,0.0,18.0,4.0,1.0,89.0,19-03-2029,18.0,7.0,3.0,0.0,6.0,0.0,0.0,0.0,,,2.0,0.0,2.0,0.0,5316.0,36.0,21024.0,6.0,Together,25.72,3106.0,0.0,11.0,Master,3.0,2.0
0.0,0.0,2.0,43.0,7.0,3.0,79.0,06-04-2030,99.0,6.0,4.0,1.0,4.0,1.0,0.0,0.0,0.0,4.0,,0.0,3.0,0.0,5474.0,45.0,43020.0,3.0,Single,56.45,,0.0,11.0,Graduation,3.0,4.0
0.0,,1.0,7.0,0.0,1.0,40.0,01-04-2029,5.0,8.0,1.0,,0.0,1.0,,0.0,0.0,2.0,0.0,,4.0,,,,18169.0,8.0,Married,48.91,3115.0,0.0,11.0,PhD,3.0,
1.0,0.0,0.0,25.0,1.0,2.0,30.0,13-03-2029,7.0,8.0,,1.0,2.0,1.0,0.0,0.0,0.0,2.0,1.0,1.0,4.0,0.0,,51.0,40211.0,3.0,Married,18.12,3111.0,0.0,11.0,Graduation,3.0,2.0
,0.0,3.0,125.0,62.0,3.0,54.0,16-02-2029,90.0,,3.0,3.0,68.0,0.0,0.0,0.0,0.0,8.0,20.0,1.0,,0.0,8687.0,121.0,,4.0,Together,59.09,,0.0,11.0,Graduation,3.0,2.0
0.0,0.0,1.0,24.0,90.0,4.0,23.0,23-09-2029,216.0,3.0,,4.0,63.0,0.0,0.0,,0.0,10.0,6.0,1.0,,0.0,5872.0,240.0,60689.0,3.0,,90.5,3081.0,0.0,11.0,Graduation,3.0,4.0
0.0,0.0,2.0,132.0,6.0,10.0,41.0,05-12-2028,152.0,8.0,4.0,4.0,8.0,1.0,0.0,0.0,0.0,6.0,6.0,1.0,3.0,0.0,5207.0,489.0,53378.0,3.0,Married,79.08,3093.0,1.0,11.0,PhD,3.0,9.0
,0.0,3.0,,3.0,2.0,47.0,09-05-2029,85.0,,2.0,3.0,71.0,0.0,0.0,0.0,0.0,8.0,,1.0,2.0,0.0,6616.0,178.0,59481.0,4.0,Together,110.0,,0.0,11.0,,3.0,3.0
0.0,0.0,2.0,17.0,86.0,1.0,72.0,28-11-2028,740.0,2.0,,5.0,,0.0,0.0,0.0,0.0,8.0,51.0,0.0,3.0,0.0,460.0,792.0,79930.0,10.0,Married,17.85,3102.0,0.0,,,3.0,3.0
0.0,0.0,3.0,,15.0,,56.0,13-11-2028,108.0,8.0,0.0,1.0,4.0,1.0,0.0,0.0,0.0,6.0,15.0,0.0,3.0,0.0,3340.0,244.0,42014.0,4.0,Married,31.84,,1.0,11.0,Graduation,3.0,7.0
0.0,0.0,0.0,2.0,0.0,1.0,72.0,30-01-2029,4.0,7.0,,0.0,0.0,1.0,0.0,0.0,0.0,2.0,0.0,1.0,,0.0,10686.0,15.0,34230.0,10.0,Together,55.27,3095.0,0.0,11.0,PhD,3.0,1.0
0.0,0.0,1.0,27.0,1.0,2.0,27.0,10-03-2029,21.0,6.0,2.0,1.0,0.0,1.0,0.0,0.0,0.0,3.0,1.0,1.0,3.0,0.0,2286.0,64.0,50785.0,5.0,Single,80.85,3092.0,,11.0,Graduation,3.0,2.0
0.0,0.0,1.0,11.0,7.0,4.0,22.0,09-03-2029,59.0,8.0,4.0,1.0,10.0,1.0,0.0,0.0,0.0,4.0,5.0,0.0,3.0,,7786.0,68.0,29999.0,9.0,Single,,3116.0,0.0,11.0,PhD,3.0,
0.0,0.0,2.0,4.0,2.0,3.0,93.0,29-06-2029,,5.0,2.0,2.0,8.0,0.0,0.0,0.0,0.0,6.0,8.0,1.0,4.0,0.0,1604.0,,47353.0,1.0,Married,36.7,3090.0,0.0,11.0,Master,3.0,2.0
0.0,0.0,0.0,3.0,0.0,1.0,80.0,17-04-2030,7.0,5.0,,0.0,3.0,1.0,0.0,,0.0,,0.0,0.0,4.0,0.0,5454.0,37.0,45057.0,6.0,Married,51.28,3109.0,0.0,11.0,Master,3.0,
,0.0,1.0,6.0,0.0,1.0,71.0,05-11-2029,16.0,7.0,3.0,0.0,2.0,1.0,0.0,0.0,0.0,,1.0,0.0,3.0,0.0,10680.0,45.0,33235.0,4.0,Together,48.05,3116.0,,11.0,Graduation,3.0,3.0
0.0,0.0,0.0,9.0,17.0,1.0,,01-06-2030,23.0,3.0,2.0,1.0,43.0,1.0,0.0,,0.0,4.0,20.0,0.0,2.0,0.0,5025.0,23.0,48526.0,3.0,Single,37.83,3109.0,0.0,11.0,Graduation,3.0,2.0
0.0,0.0,0.0,146.0,44.0,2.0,31.0,20-11-2028,499.0,7.0,2.0,4.0,95.0,0.0,0.0,0.0,0.0,5.0,73.0,0.0,1.0,0.0,2379.0,778.0,69267.0,4.0,Single,25.88,3083.0,1.0,11.0,Graduation,3.0,3.0
1.0,1.0,1.0,63.0,54.0,1.0,38.0,02-03-2029,845.0,3.0,1.0,7.0,202.0,0.0,0.0,0.0,0.0,10.0,133.0,0.0,6.0,0.0,8722.0,,82347.0,3.0,Married,55.05,3087.0,1.0,11.0,2n Cycle,3.0,
0.0,0.0,4.0,102.0,,3.0,2.0,07-09-2028,61.0,5.0,3.0,2.0,0.0,,0.0,,0.0,6.0,10.0,1.0,4.0,,5510.0,262.0,43263.0,3.0,Married,84.38,3107.0,0.0,,Master,3.0,5.0
,0.0,2.0,,5.0,4.0,9.0,15-10-2029,21.0,5.0,3.0,3.0,7.0,0.0,,,0.0,7.0,5.0,1.0,,0.0,8233.0,508.0,64866.0,,Widow,106.6,3080.0,0.0,11.0,Master,3.0,7.0
0.0,0.0,,36.0,12.0,2.0,30.0,,59.0,,3.0,,,1.0,0.0,0.0,,4.0,,0.0,5.0,0.0,3220.0,29.0,39922.0,2.0,Married,50.22,3113.0,0.0,11.0,Graduation,3.0,3.0
1.0,1.0,0.0,56.0,,0.0,94.0,06-07-2029,818.0,3.0,3.0,3.0,0.0,,1.0,0.0,0.0,7.0,28.0,0.0,3.0,1.0,3520.0,162.0,91172.0,8.0,Single,33.3,,,11.0,Master,,4.0
0.0,0.0,,3.0,0.0,2.0,25.0,30-03-2029,9.0,7.0,3.0,0.0,0.0,1.0,0.0,0.0,0.0,,0.0,1.0,2.0,0.0,5684.0,56.0,44635.0,7.0,Divorced,22.89,3101.0,0.0,11.0,Master,3.0,2.0
0.0,0.0,,117.0,0.0,2.0,34.0,16-04-2029,107.0,5.0,2.0,1.0,19.0,0.0,,0.0,0.0,8.0,9.0,1.0,2.0,0.0,3934.0,,61286.0,10.0,Married,40.88,3096.0,,11.0,Graduation,3.0,7.0
0.0,0.0,1.0,56.0,21.0,1.0,27.0,17-04-2030,,4.0,3.0,5.0,258.0,1.0,0.0,0.0,0.0,8.0,14.0,0.0,3.0,0.0,3091.0,340.0,75774.0,4.0,Together,58.81,3111.0,0.0,11.0,2n Cycle,3.0,7.0
0.0,0.0,4.0,42.0,26.0,1.0,10.0,20-08-2028,269.0,4.0,0.0,4.0,34.0,0.0,0.0,1.0,0.0,6.0,,0.0,,1.0,10240.0,997.0,,5.0,Together,64.62,3079.0,1.0,11.0,Graduation,3.0,10.0
0.0,0.0,1.0,3.0,6.0,2.0,37.0,07-09-2029,7.0,,0.0,0.0,,,0.0,0.0,0.0,3.0,5.0,,3.0,0.0,9862.0,1.0,21918.0,9.0,Together,50.14,3099.0,0.0,11.0,Graduation,3.0,2.0
,0.0,1.0,,12.0,2.0,5.0,29-04-2028,5.0,7.0,1.0,0.0,3.0,,,0.0,0.0,3.0,16.0,0.0,2.0,0.0,,4.0,20425.0,6.0,Married,64.57,3116.0,0.0,11.0,Basic,3.0,2.0
,,0.0,20.0,2.0,3.0,56.0,,43.0,6.0,2.0,1.0,0.0,0.0,0.0,1.0,0.0,6.0,12.0,1.0,2.0,0.0,332.0,198.0,47743.0,5.0,,,3087.0,0.0,11.0,Graduation,,4.0
0.0,,2.0,37.0,,5.0,,10-10-2029,209.0,2.0,3.0,7.0,41.0,0.0,,0.0,0.0,,162.0,1.0,3.0,0.0,7143.0,209.0,74805.0,2.0,,98.85,3085.0,,11.0,2n Cycle,3.0,4.0
0.0,0.0,1.0,30.0,,3.0,12.0,10-05-2029,,7.0,,1.0,,,0.0,0.0,0.0,2.0,10.0,0.0,3.0,0.0,4992.0,6.0,17459.0,9.0,Together,1.88,3105.0,1.0,11.0,Master,3.0,3.0
1.0,0.0,1.0,18.0,4.0,4.0,13.0,04-11-2029,76.0,9.0,2.0,1.0,17.0,1.0,0.0,0.0,0.0,3.0,,0.0,3.0,0.0,,56.0,,1.0,Married,104.09,,1.0,11.0,2n Cycle,3.0,4.0
0.0,0.0,2.0,,4.0,6.0,,22-10-2028,45.0,8.0,,1.0,6.0,1.0,0.0,0.0,0.0,4.0,2.0,1.0,4.0,0.0,10313.0,159.0,48178.0,6.0,Married,60.87,3105.0,0.0,11.0,Graduation,3.0,5.0
0.0,0.0,0.0,108.0,36.0,7.0,,17-08-2028,168.0,7.0,1.0,3.0,16.0,1.0,0.0,0.0,0.0,4.0,0.0,,3.0,,6059.0,986.0,64504.0,4.0,Together,76.88,3083.0,1.0,11.0,PhD,3.0,11.0
0.0,0.0,1.0,86.0,51.0,1.0,8.0,17-10-2028,898.0,2.0,2.0,6.0,247.0,0.0,0.0,0.0,0.0,7.0,0.0,0.0,3.0,0.0,5331.0,587.0,74985.0,9.0,Married,64.6,3107.0,0.0,,Graduation,3.0,
0.0,0.0,1.0,6.0,9.0,7.0,71.0,21-03-2030,57.0,4.0,4.0,1.0,20.0,1.0,0.0,0.0,0.0,7.0,21.0,1.0,3.0,0.0,246.0,199.0,66480.0,2.0,Married,37.56,3095.0,0.0,11.0,Graduation,3.0,4.0
0.0,0.0,0.0,0.0,0.0,1.0,95.0,24-04-2029,8.0,4.0,1.0,0.0,2.0,1.0,,0.0,0.0,3.0,0.0,0.0,2.0,0.0,9523.0,5.0,40479.0,1.0,Together,81.24,3112.0,,11.0,Graduation,3.0,0.0
0.0,0.0,4.0,16.0,16.0,,33.0,22-02-2030,223.0,6.0,,1.0,21.0,1.0,0.0,0.0,,8.0,43.0,1.0,4.0,0.0,7500.0,245.0,79146.0,,Single,,3097.0,0.0,,Graduation,3.0,8.0
0.0,0.0,4.0,50.0,,2.0,18.0,14-11-2028,73.0,7.0,2.0,3.0,4.0,0.0,0.0,0.0,,5.0,23.0,1.0,2.0,,9507.0,261.0,40794.0,4.0,Married,22.89,3105.0,0.0,11.0,Graduation,3.0,6.0
0.0,1.0,2.0,40.0,,1.0,72.0,19-08-2028,389.0,6.0,,5.0,240.0,0.0,0.0,0.0,0.0,13.0,50.0,0.0,3.0,0.0,10965.0,983.0,76005.0,,Together,71.82,3085.0,0.0,,Graduation,3.0,3.0
0.0,0.0,1.0,7.0,15.0,1.0,40.0,11-06-2029,15.0,4.0,2.0,1.0,17.0,0.0,0.0,0.0,,3.0,6.0,0.0,3.0,0.0,,40.0,42192.0,6.0,,57.87,3078.0,0.0,11.0,,3.0,2.0
0.0,0.0,0.0,56.0,,5.0,64.0,30-03-2029,17.0,4.0,1.0,1.0,4.0,0.0,0.0,0.0,0.0,8.0,7.0,1.0,5.0,0.0,,318.0,54730.0,5.0,Married,12.34,3105.0,0.0,,Master,3.0,4.0
0.0,0.0,1.0,2.0,0.0,1.0,65.0,05-09-2029,,,0.0,0.0,0.0,2.0,0.0,0.0,0.0,2.0,0.0,1.0,4.0,0.0,10104.0,,33590.0,2.0,Together,107.92,3104.0,0.0,11.0,Graduation,3.0,1.0
,,2.0,54.0,32.0,1.0,87.0,18-06-2029,435.0,1.0,2.0,8.0,28.0,0.0,0.0,0.0,,6.0,32.0,0.0,3.0,0.0,6327.0,565.0,65777.0,10.0,,10.77,,0.0,11.0,Graduation,3.0,2.0
0.0,0.0,2.0,42.0,23.0,4.0,89.0,30-11-2028,82.0,9.0,2.0,1.0,33.0,2.0,0.0,0.0,0.0,3.0,,0.0,3.0,0.0,1404.0,51.0,34916.0,3.0,Together,57.9,3098.0,0.0,11.0,Graduation,3.0,5.0
0.0,0.0,0.0,12.0,76.0,1.0,,,395.0,,2.0,6.0,116.0,0.0,0.0,0.0,0.0,9.0,0.0,0.0,4.0,0.0,8015.0,714.0,85696.0,7.0,,76.87,3092.0,1.0,11.0,PhD,3.0,4.0
0.0,,1.0,205.0,91.0,2.0,27.0,26-07-2028,399.0,3.0,1.0,6.0,0.0,0.0,0.0,0.0,0.0,8.0,45.0,0.0,3.0,0.0,10343.0,605.0,61618.0,5.0,Single,69.84,3121.0,,11.0,2n Cycle,3.0,3.0
0.0,0.0,1.0,2.0,0.0,1.0,0.0,27-08-2029,2.0,4.0,5.0,0.0,0.0,0.0,,0.0,0.0,3.0,0.0,1.0,3.0,0.0,10175.0,18.0,,7.0,Divorced,40.18,3088.0,0.0,11.0,PhD,3.0,
0.0,,3.0,2.0,0.0,,19.0,,24.0,,,0.0,3.0,1.0,,0.0,0.0,,3.0,0.0,4.0,0.0,4855.0,14.0,30351.0,8.0,Together,116.86,3104.0,1.0,11.0,PhD,3.0,3.0
0.0,0.0,1.0,107.0,91.0,2.0,86.0,13-12-2029,520.0,5.0,2.0,,258.0,0.0,0.0,0.0,0.0,8.0,107.0,2.0,3.0,0.0,4676.0,612.0,73705.0,5.0,Widow,14.37,3081.0,0.0,11.0,Master,3.0,9.0
0.0,0.0,1.0,15.0,7.0,2.0,8.0,11-06-2029,76.0,6.0,1.0,4.0,110.0,1.0,0.0,0.0,0.0,9.0,15.0,0.0,1.0,0.0,760.0,588.0,60554.0,7.0,Divorced,17.26,3105.0,0.0,11.0,PhD,3.0,
0.0,0.0,,80.0,26.0,4.0,5.0,05-06-2029,206.0,6.0,0.0,3.0,116.0,0.0,0.0,0.0,,12.0,80.0,1.0,3.0,0.0,,493.0,,4.0,Single,72.73,3101.0,0.0,11.0,Graduation,3.0,8.0
,0.0,0.0,45.0,11.0,,32.0,31-07-2029,137.0,,2.0,1.0,179.0,0.0,0.0,0.0,0.0,5.0,61.0,0.0,2.0,0.0,75.0,34.0,41039.0,7.0,Together,55.31,3112.0,0.0,11.0,2n Cycle,3.0,8.0
0.0,0.0,1.0,49.0,4.0,,50.0,29-04-2028,50.0,8.0,4.0,0.0,,0.0,0.0,0.0,0.0,3.0,1.0,0.0,5.0,0.0,5636.0,51.0,30983.0,9.0,Single,103.88,3093.0,1.0,11.0,Graduation,3.0,4.0
0.0,0.0,,93.0,39.0,2.0,61.0,27-02-2030,78.0,7.0,,1.0,58.0,1.0,0.0,0.0,0.0,4.0,,0.0,3.0,0.0,4120.0,88.0,,5.0,Single,40.23,3105.0,,11.0,2n Cycle,3.0,
0.0,0.0,1.0,12.0,7.0,2.0,,23-01-2029,9.0,6.0,5.0,0.0,6.0,1.0,0.0,0.0,0.0,3.0,16.0,0.0,2.0,0.0,,14.0,41021.0,5.0,Together,65.28,3099.0,1.0,11.0,Master,3.0,2.0
0.0,0.0,,28.0,14.0,1.0,44.0,24-02-2030,154.0,6.0,2.0,2.0,,0.0,0.0,0.0,0.0,9.0,0.0,1.0,3.0,0.0,5596.0,513.0,58821.0,8.0,Together,55.74,3086.0,0.0,,2n Cycle,3.0,9.0
0.0,0.0,2.0,54.0,,5.0,61.0,25-09-2029,155.0,,0.0,3.0,10.0,0.0,0.0,0.0,0.0,8.0,0.0,1.0,4.0,0.0,5841.0,606.0,60894.0,7.0,Together,108.7,3096.0,0.0,11.0,Graduation,3.0,10.0
0.0,0.0,1.0,15.0,138.0,1.0,85.0,07-07-2028,430.0,2.0,1.0,6.0,60.0,0.0,0.0,0.0,0.0,13.0,92.0,0.0,2.0,0.0,6417.0,829.0,80573.0,3.0,Together,53.45,3101.0,0.0,11.0,Master,3.0,4.0
0.0,0.0,0.0,20.0,11.0,2.0,65.0,03-05-2029,3.0,5.0,1.0,1.0,10.0,,0.0,0.0,0.0,3.0,4.0,1.0,3.0,0.0,3536.0,7.0,19740.0,4.0,Together,116.79,3090.0,0.0,11.0,Graduation,3.0,1.0
0.0,0.0,2.0,1.0,1.0,1.0,68.0,03-06-2029,27.0,1.0,1.0,1.0,6.0,0.0,0.0,,0.0,4.0,,1.0,4.0,0.0,2544.0,50.0,57530.0,1.0,Divorced,13.2,3081.0,0.0,11.0,Master,3.0,1.0
0.0,0.0,0.0,,25.0,,,02-12-2029,51.0,3.0,4.0,2.0,23.0,1.0,0.0,0.0,,5.0,25.0,1.0,5.0,,8405.0,135.0,68274.0,6.0,Divorced,,3109.0,0.0,11.0,Graduation,3.0,4.0
1.0,0.0,2.0,28.0,3.0,4.0,,20-11-2029,21.0,8.0,1.0,1.0,2.0,1.0,0.0,0.0,0.0,2.0,1.0,1.0,4.0,0.0,8975.0,14.0,19514.0,,Married,112.6,3098.0,0.0,11.0,Graduation,3.0,3.0
0.0,0.0,2.0,216.0,133.0,1.0,37.0,27-04-2029,951.0,1.0,5.0,6.0,173.0,0.0,0.0,0.0,0.0,6.0,0.0,0.0,2.0,0.0,11071.0,,,4.0,Single,84.6,3114.0,1.0,11.0,Graduation,3.0,3.0
1.0,1.0,4.0,112.0,14.0,1.0,56.0,,322.0,2.0,3.0,11.0,0.0,0.0,0.0,0.0,,5.0,14.0,0.0,1.0,1.0,1139.0,1050.0,73356.0,7.0,Married,119.25,3114.0,,11.0,PhD,3.0,5.0
0.0,,0.0,5.0,0.0,,71.0,19-01-2029,6.0,7.0,0.0,0.0,8.0,1.0,0.0,,,3.0,6.0,0.0,3.0,0.0,798.0,,23442.0,9.0,Single,5.75,,0.0,11.0,Graduation,3.0,1.0
1.0,0.0,1.0,27.0,7.0,1.0,43.0,24-10-2028,5.0,9.0,,0.0,2.0,1.0,0.0,0.0,0.0,2.0,15.0,0.0,2.0,0.0,10069.0,2.0,13724.0,2.0,Together,19.57,3118.0,0.0,11.0,Basic,3.0,2.0
0.0,,1.0,24.0,2.0,3.0,80.0,18-03-2030,23.0,6.0,1.0,1.0,0.0,,0.0,0.0,0.0,3.0,8.0,,2.0,0.0,3798.0,24.0,41120.0,5.0,Married,8.86,3098.0,0.0,11.0,Graduation,3.0,2.0
0.0,0.0,0.0,10.0,7.0,1.0,72.0,09-12-2029,43.0,6.0,3.0,0.0,20.0,1.0,0.0,0.0,0.0,4.0,12.0,0.0,3.0,,4368.0,42.0,47850.0,2.0,Married,78.81,3110.0,0.0,11.0,Graduation,3.0,3.0
0.0,,3.0,76.0,114.0,1.0,41.0,29-12-2029,254.0,,2.0,6.0,132.0,0.0,0.0,0.0,0.0,7.0,152.0,0.0,3.0,1.0,4767.0,635.0,70924.0,1.0,,101.84,3095.0,0.0,11.0,2n Cycle,3.0,6.0
,0.0,,19.0,7.0,2.0,56.0,08-09-2029,68.0,6.0,2.0,,4.0,0.0,0.0,0.0,0.0,6.0,0.0,1.0,4.0,0.0,5177.0,298.0,58494.0,4.0,Married,48.84,3104.0,0.0,11.0,Master,3.0,6.0
0.0,0.0,4.0,1.0,0.0,2.0,21.0,15-12-2029,9.0,4.0,3.0,0.0,0.0,,0.0,0.0,0.0,4.0,0.0,,1.0,0.0,,52.0,48918.0,10.0,,27.58,3093.0,0.0,11.0,PhD,3.0,1.0
0.0,0.0,3.0,1.0,1.0,1.0,40.0,16-12-2028,8.0,8.0,0.0,0.0,0.0,1.0,0.0,0.0,0.0,,0.0,0.0,4.0,0.0,4838.0,5.0,22775.0,2.0,Together,5.81,3108.0,0.0,11.0,,3.0,1.0
0.0,0.0,0.0,0.0,12.0,1.0,86.0,09-02-2030,546.0,1.0,1.0,4.0,78.0,0.0,,0.0,0.0,10.0,182.0,,3.0,0.0,3194.0,412.0,71466.0,7.0,,4.83,3104.0,0.0,11.0,PhD,3.0,4.0
1.0,0.0,2.0,241.0,84.0,1.0,,10-05-2030,398.0,,2.0,7.0,205.0,,0.0,0.0,0.0,8.0,84.0,0.0,3.0,0.0,1225.0,,80124.0,1.0,Married,12.88,3093.0,0.0,11.0,Graduation,3.0,3.0
0.0,0.0,0.0,36.0,0.0,1.0,60.0,16-12-2028,48.0,8.0,1.0,4.0,0.0,0.0,,1.0,0.0,10.0,0.0,0.0,4.0,1.0,3202.0,1166.0,51563.0,,Married,49.31,3117.0,,,PhD,,4.0
0.0,0.0,,17.0,11.0,2.0,9.0,25-07-2030,99.0,3.0,5.0,2.0,15.0,1.0,0.0,0.0,0.0,7.0,11.0,0.0,3.0,0.0,940.0,158.0,57100.0,1.0,,24.85,3117.0,0.0,11.0,Graduation,3.0,3.0
0.0,0.0,1.0,12.0,6.0,1.0,82.0,26-08-2028,2.0,7.0,1.0,0.0,8.0,1.0,,0.0,0.0,2.0,2.0,0.0,4.0,0.0,10398.0,1.0,24336.0,2.0,Single,27.37,3111.0,0.0,11.0,2n Cycle,3.0,1.0
0.0,0.0,3.0,5.0,1.0,3.0,,10-01-2029,14.0,8.0,1.0,,0.0,1.0,0.0,0.0,1.0,,0.0,1.0,4.0,0.0,6730.0,34.0,38998.0,3.0,Married,116.2,3084.0,0.0,11.0,,3.0,2.0
0.0,,1.0,18.0,111.0,,34.0,02-06-2028,925.0,5.0,1.0,6.0,97.0,0.0,0.0,0.0,0.0,5.0,18.0,0.0,4.0,0.0,1859.0,721.0,75251.0,9.0,Married,108.67,3102.0,1.0,11.0,Master,3.0,7.0
0.0,1.0,2.0,158.0,0.0,1.0,30.0,03-03-2028,396.0,5.0,1.0,2.0,232.0,0.0,0.0,1.0,0.0,,178.0,1.0,1.0,1.0,,1230.0,77568.0,10.0,Together,87.29,3109.0,0.0,,Graduation,3.0,10.0
0.0,0.0,0.0,31.0,,4.0,,28-11-2028,56.0,8.0,4.0,1.0,,1.0,0.0,0.0,0.0,4.0,9.0,1.0,2.0,0.0,9648.0,153.0,46904.0,5.0,Single,83.01,3097.0,0.0,11.0,Graduation,3.0,5.0
0.0,0.0,2.0,43.0,102.0,1.0,40.0,23-09-2029,601.0,1.0,3.0,11.0,0.0,0.0,0.0,0.0,0.0,8.0,58.0,0.0,4.0,0.0,6246.0,703.0,73892.0,3.0,Single,112.66,3083.0,1.0,11.0,Graduation,,3.0
0.0,0.0,,43.0,0.0,3.0,63.0,06-01-2030,28.0,7.0,3.0,2.0,0.0,,0.0,0.0,0.0,6.0,0.0,1.0,0.0,0.0,8375.0,447.0,55954.0,10.0,Married,47.51,,0.0,11.0,PhD,3.0,8.0
,1.0,2.0,181.0,153.0,1.0,8.0,30-05-2029,503.0,2.0,2.0,9.0,218.0,0.0,0.0,0.0,0.0,,13.0,0.0,3.0,0.0,9529.0,,73687.0,8.0,Married,,3120.0,,11.0,Graduation,3.0,3.0
0.0,0.0,3.0,11.0,34.0,2.0,11.0,,,8.0,,2.0,15.0,1.0,0.0,,0.0,10.0,,0.0,2.0,0.0,6606.0,964.0,70091.0,2.0,Married,47.9,3099.0,0.0,11.0,Master,3.0,5.0
0.0,0.0,1.0,10.0,25.0,1.0,90.0,21-12-2029,53.0,3.0,4.0,1.0,16.0,0.0,0.0,0.0,0.0,7.0,0.0,,,0.0,4587.0,162.0,,8.0,Widow,54.33,3074.0,0.0,11.0,Master,3.0,3.0
0.0,0.0,1.0,25.0,24.0,1.0,13.0,15-02-2030,11.0,6.0,2.0,0.0,16.0,0.0,0.0,0.0,,4.0,,0.0,5.0,0.0,9727.0,4.0,23539.0,6.0,Married,23.91,,0.0,11.0,Graduation,3.0,2.0
0.0,1.0,1.0,143.0,,0.0,35.0,06-12-2029,797.0,1.0,0.0,7.0,106.0,0.0,,0.0,0.0,9.0,143.0,0.0,,1.0,3334.0,879.0,94642.0,,Married,90.2,3081.0,0.0,11.0,Graduation,3.0,5.0
0.0,,2.0,224.0,83.0,,67.0,09-06-2030,216.0,1.0,4.0,6.0,151.0,0.0,0.0,0.0,0.0,12.0,141.0,0.0,4.0,0.0,10413.0,274.0,72570.0,8.0,,,,0.0,11.0,,3.0,4.0
0.0,,2.0,1.0,1.0,0.0,20.0,26-02-2030,1.0,14.0,1.0,0.0,1.0,0.0,0.0,0.0,0.0,0.0,0.0,0.0,2.0,0.0,3955.0,2.0,4861.0,2.0,Divorced,28.26,3095.0,0.0,11.0,,3.0,0.0
0.0,0.0,1.0,7.0,0.0,,82.0,14-01-2029,15.0,6.0,5.0,0.0,0.0,1.0,0.0,0.0,0.0,3.0,2.0,0.0,1.0,0.0,4385.0,23.0,36038.0,3.0,Single,79.68,3111.0,0.0,,PhD,3.0,3.0
0.0,0.0,1.0,15.0,0.0,2.0,,30-01-2029,5.0,4.0,5.0,1.0,,1.0,0.0,0.0,0.0,2.0,0.0,,4.0,0.0,6168.0,33.0,,8.0,Divorced,82.29,3093.0,,11.0,Graduation,3.0,1.0
0.0,0.0,1.0,47.0,3.0,3.0,69.0,14-07-2028,2.0,8.0,1.0,1.0,20.0,1.0,0.0,0.0,0.0,2.0,30.0,0.0,3.0,,642.0,1.0,16005.0,9.0,Married,49.89,3110.0,0.0,11.0,Basic,,2.0
,0.0,0.0,92.0,138.0,1.0,60.0,27-09-2029,553.0,1.0,,,224.0,,0.0,0.0,0.0,9.0,23.0,,3.0,0.0,10424.0,265.0,,1.0,Single,107.31,3098.0,,11.0,Graduation,3.0,4.0
0.0,0.0,0.0,88.0,8.0,5.0,72.0,,167.0,6.0,1.0,4.0,11.0,0.0,0.0,0.0,0.0,11.0,8.0,1.0,5.0,,4743.0,,56242.0,4.0,,59.28,3099.0,0.0,11.0,PhD,3.0,
,0.0,,5.0,0.0,1.0,40.0,08-06-2030,6.0,2.0,4.0,1.0,3.0,1.0,0.0,0.0,0.0,3.0,3.0,0.0,4.0,0.0,7943.0,18.0,,6.0,Married,53.51,3105.0,0.0,11.0,PhD,3.0,1.0
0.0,1.0,1.0,223.0,,,44.0,13-09-2029,447.0,2.0,3.0,7.0,75.0,0.0,,0.0,0.0,12.0,0.0,0.0,2.0,0.0,6935.0,207.0,78497.0,6.0,Married,103.58,3081.0,0.0,11.0,2n Cycle,3.0,5.0
0.0,,3.0,21.0,21.0,3.0,,09-06-2028,118.0,6.0,3.0,3.0,13.0,0.0,0.0,1.0,0.0,5.0,10.0,1.0,3.0,,3571.0,918.0,63342.0,3.0,Together,59.88,3091.0,1.0,11.0,PhD,3.0,
0.0,0.0,1.0,106.0,0.0,5.0,26.0,06-10-2028,106.0,6.0,2.0,1.0,49.0,0.0,0.0,0.0,0.0,5.0,10.0,1.0,4.0,0.0,6818.0,98.0,44989.0,2.0,,75.44,3104.0,0.0,11.0,Graduation,3.0,5.0
0.0,0.0,0.0,82.0,,,46.0,04-05-2029,97.0,7.0,3.0,1.0,0.0,1.0,0.0,0.0,0.0,5.0,6.0,0.0,,0.0,6141.0,191.0,49494.0,6.0,Single,,3102.0,0.0,11.0,Master,3.0,6.0
0.0,0.0,,92.0,92.0,1.0,92.0,12-10-2029,736.0,1.0,3.0,,39.0,0.0,0.0,0.0,0.0,,0.0,,,0.0,4687.0,674.0,,8.0,Married,42.64,3088.0,0.0,11.0,Master,3.0,3.0
0.0,0.0,1.0,41.0,6.0,2.0,84.0,15-12-2029,82.0,5.0,,1.0,,0.0,0.0,,0.0,6.0,,1.0,,0.0,,116.0,38946.0,10.0,Together,,3085.0,0.0,11.0,Graduation,3.0,3.0
0.0,0.0,3.0,2.0,,1.0,88.0,05-03-2029,11.0,6.0,0.0,,6.0,0.0,0.0,0.0,0.0,3.0,2.0,,2.0,0.0,,4.0,14661.0,7.0,Together,25.96,3086.0,0.0,11.0,Master,3.0,1.0
0.0,0.0,2.0,6.0,3.0,2.0,67.0,12-03-2029,19.0,8.0,,,3.0,1.0,0.0,0.0,0.0,3.0,3.0,0.0,2.0,0.0,1502.0,18.0,28427.0,8.0,,29.73,3113.0,0.0,11.0,Graduation,3.0,2.0
0.0,0.0,0.0,18.0,0.0,1.0,15.0,08-06-2029,8.0,6.0,3.0,0.0,23.0,0.0,,0.0,,4.0,4.0,0.0,4.0,0.0,2326.0,32.0,18929.0,4.0,Married,9.19,,0.0,,Graduation,3.0,1.0
0.0,0.0,1.0,,105.0,1.0,73.0,,,2.0,4.0,2.0,0.0,0.0,0.0,1.0,,6.0,42.0,0.0,,1.0,,1200.0,,1.0,Together,38.42,3077.0,1.0,,Master,3.0,4.0
0.0,0.0,,1.0,0.0,1.0,80.0,24-09-2029,9.0,9.0,1.0,0.0,0.0,1.0,0.0,,0.0,3.0,0.0,0.0,4.0,,2549.0,,21840.0,,Together,2.4,3113.0,0.0,11.0,PhD,3.0,1.0
0.0,0.0,2.0,14.0,2.0,1.0,92.0,25-01-2030,18.0,4.0,4.0,0.0,2.0,1.0,0.0,0.0,0.0,3.0,8.0,0.0,3.0,0.0,6515.0,6.0,39771.0,6.0,Together,5.13,3107.0,0.0,11.0,Graduation,3.0,2.0
0.0,0.0,1.0,1.0,0.0,1.0,63.0,24-11-2029,4.0,8.0,1.0,0.0,,1.0,0.0,0.0,0.0,2.0,0.0,0.0,4.0,0.0,4298.0,5.0,20427.0,3.0,Together,59.72,3103.0,0.0,11.0,PhD,3.0,1.0
0.0,0.0,4.0,0.0,2.0,3.0,84.0,,14.0,5.0,2.0,1.0,0.0,1.0,0.0,0.0,0.0,3.0,0.0,0.0,,0.0,,27.0,23626.0,7.0,Married,89.22,3100.0,0.0,11.0,PhD,3.0,3.0
,0.0,2.0,92.0,23.0,5.0,38.0,22-09-2028,207.0,6.0,0.0,6.0,15.0,0.0,,0.0,0.0,12.0,11.0,1.0,3.0,0.0,7079.0,897.0,63887.0,7.0,Divorced,16.31,3092.0,0.0,11.0,Graduation,3.0,9.0
0.0,0.0,1.0,30.0,151.0,1.0,19.0,31-08-2029,292.0,4.0,,3.0,65.0,0.0,,0.0,0.0,4.0,60.0,0.0,3.0,1.0,6931.0,,76982.0,10.0,Divorced,,3097.0,1.0,11.0,,3.0,8.0
1.0,,0.0,171.0,5.0,2.0,30.0,11-07-2030,82.0,5.0,3.0,6.0,7.0,0.0,,0.0,0.0,,17.0,1.0,4.0,0.0,5121.0,479.0,56628.0,,Single,83.56,3107.0,,,Graduation,3.0,7.0
,0.0,3.0,5.0,0.0,1.0,0.0,22-09-2029,3.0,,1.0,0.0,0.0,2.0,0.0,0.0,0.0,,0.0,1.0,2.0,,2795.0,5.0,30523.0,6.0,Single,119.74,3088.0,0.0,11.0,Master,3.0,1.0
0.0,0.0,0.0,83.0,129.0,5.0,13.0,14-05-2030,259.0,4.0,2.0,3.0,168.0,0.0,0.0,0.0,0.0,12.0,121.0,1.0,2.0,0.0,,,62466.0,6.0,,0.03,3100.0,0.0,,,3.0,6.0
0.0,0.0,0.0,38.0,99.0,1.0,12.0,15-01-2030,278.0,1.0,3.0,10.0,185.0,0.0,0.0,0.0,0.0,5.0,121.0,1.0,2.0,0.0,4828.0,71.0,,8.0,Divorced,42.18,3084.0,0.0,11.0,Graduation,3.0,5.0
0.0,0.0,1.0,93.0,70.0,1.0,57.0,14-08-2029,118.0,1.0,2.0,9.0,182.0,0.0,0.0,0.0,0.0,13.0,187.0,0.0,1.0,0.0,5147.0,774.0,90842.0,4.0,Single,,3078.0,0.0,11.0,Graduation,3.0,4.0
0.0,0.0,2.0,10.0,2.0,,66.0,12-10-2029,30.0,5.0,4.0,1.0,7.0,1.0,0.0,0.0,0.0,6.0,7.0,0.0,2.0,0.0,7409.0,211.0,53187.0,10.0,Together,26.36,3100.0,0.0,11.0,Graduation,,4.0
0.0,,0.0,19.0,19.0,3.0,55.0,,133.0,6.0,1.0,3.0,,0.0,0.0,,,13.0,0.0,1.0,3.0,0.0,10833.0,790.0,65106.0,4.0,Married,32.98,3105.0,0.0,11.0,Graduation,3.0,8.0
0.0,0.0,3.0,,3.0,3.0,87.0,27-10-2028,52.0,8.0,0.0,0.0,2.0,0.0,0.0,0.0,,4.0,1.0,1.0,,0.0,,91.0,43300.0,8.0,Divorced,103.51,3101.0,,11.0,Graduation,3.0,4.0
0.0,0.0,2.0,3.0,,3.0,6.0,03-04-2029,69.0,7.0,1.0,1.0,2.0,1.0,0.0,0.0,0.0,4.0,3.0,0.0,4.0,0.0,8799.0,,38175.0,6.0,Married,25.13,3114.0,0.0,,PhD,3.0,3.0
,0.0,1.0,106.0,8.0,2.0,,09-01-2030,124.0,6.0,0.0,6.0,,,,0.0,0.0,3.0,4.0,1.0,4.0,,10722.0,293.0,55593.0,5.0,Together,13.1,3103.0,0.0,11.0,,,6.0
0.0,0.0,3.0,23.0,2.0,3.0,50.0,17-04-2029,51.0,6.0,0.0,1.0,4.0,1.0,0.0,0.0,0.0,4.0,2.0,1.0,1.0,0.0,,57.0,43641.0,,Married,80.23,3099.0,0.0,11.0,Master,3.0,2.0
0.0,0.0,,174.0,164.0,1.0,72.0,04-06-2030,,1.0,3.0,4.0,227.0,,0.0,0.0,0.0,9.0,30.0,0.0,4.0,0.0,1371.0,123.0,79941.0,5.0,Single,17.0,3106.0,0.0,11.0,Graduation,3.0,2.0
0.0,0.0,1.0,4.0,0.0,4.0,52.0,18-03-2029,13.0,8.0,4.0,,4.0,1.0,,0.0,0.0,3.0,2.0,1.0,1.0,0.0,2980.0,12.0,8820.0,6.0,Single,12.89,3082.0,0.0,11.0,Master,3.0,3.0
0.0,0.0,1.0,50.0,15.0,8.0,30.0,,196.0,8.0,0.0,1.0,15.0,,0.0,0.0,0.0,7.0,11.0,1.0,,0.0,9967.0,160.0,53034.0,8.0,Divorced,13.72,3104.0,0.0,11.0,Graduation,,6.0
0.0,0.0,,16.0,4.0,3.0,48.0,25-09-2030,32.0,4.0,2.0,1.0,,1.0,0.0,0.0,0.0,4.0,2.0,1.0,2.0,0.0,7485.0,67.0,56551.0,10.0,,,3080.0,0.0,11.0,PhD,3.0,
0.0,0.0,1.0,153.0,35.0,2.0,9.0,30-11-2028,422.0,4.0,5.0,6.0,33.0,0.0,0.0,0.0,0.0,7.0,12.0,1.0,3.0,0.0,25.0,460.0,65148.0,9.0,Married,101.0,3088.0,0.0,11.0,Graduation,3.0,6.0
0.0,,,60.0,0.0,3.0,27.0,,21.0,6.0,3.0,1.0,0.0,0.0,0.0,1.0,0.0,,0.0,1.0,4.0,0.0,3267.0,527.0,57288.0,5.0,Together,70.65,3093.0,0.0,11.0,Master,3.0,8.0
0.0,,1.0,1.0,4.0,1.0,13.0,21-01-2029,14.0,,1.0,0.0,4.0,1.0,0.0,0.0,0.0,3.0,4.0,0.0,4.0,0.0,,10.0,30279.0,4.0,,85.82,3119.0,,11.0,,3.0,1.0
0.0,0.0,1.0,48.0,64.0,1.0,6.0,27-10-2028,,,1.0,3.0,84.0,0.0,0.0,0.0,0.0,8.0,,,5.0,0.0,6184.0,561.0,68462.0,10.0,Married,108.47,3099.0,0.0,11.0,PhD,3.0,3.0
,1.0,1.0,72.0,48.0,,73.0,,602.0,2.0,0.0,10.0,63.0,0.0,0.0,1.0,0.0,4.0,72.0,,2.0,1.0,6906.0,167.0,84953.0,2.0,Widow,80.36,3083.0,1.0,11.0,Master,3.0,
0.0,0.0,2.0,112.0,29.0,1.0,,23-08-2029,,4.0,5.0,,0.0,0.0,0.0,0.0,0.0,11.0,33.0,0.0,5.0,,4756.0,176.0,63998.0,8.0,Divorced,90.22,3082.0,1.0,11.0,2n Cycle,3.0,7.0
0.0,0.0,0.0,9.0,2.0,3.0,39.0,16-06-2029,28.0,8.0,2.0,0.0,3.0,1.0,0.0,0.0,0.0,4.0,,0.0,3.0,0.0,5835.0,21.0,14849.0,1.0,Divorced,,3106.0,0.0,,PhD,3.0,2.0
0.0,,2.0,69.0,31.0,2.0,93.0,25-08-2029,127.0,3.0,3.0,,8.0,0.0,0.0,0.0,0.0,7.0,17.0,1.0,,0.0,2878.0,162.0,67472.0,8.0,Married,69.65,3077.0,0.0,11.0,PhD,3.0,4.0
0.0,0.0,,18.0,16.0,3.0,76.0,23-08-2029,37.0,3.0,,1.0,7.0,1.0,0.0,0.0,0.0,5.0,9.0,1.0,1.0,0.0,7426.0,111.0,54690.0,10.0,Married,119.47,3101.0,0.0,11.0,2n Cycle,3.0,3.0
1.0,0.0,2.0,4.0,0.0,1.0,90.0,04-06-2030,3.0,6.0,2.0,0.0,0.0,1.0,0.0,0.0,0.0,2.0,0.0,0.0,,0.0,11030.0,9.0,33181.0,2.0,Married,97.72,3106.0,0.0,,Master,,1.0
,0.0,2.0,53.0,161.0,2.0,35.0,08-07-2029,215.0,5.0,2.0,2.0,,0.0,,0.0,0.0,11.0,30.0,1.0,2.0,0.0,3834.0,231.0,69627.0,9.0,Single,110.83,3092.0,0.0,11.0,Graduation,3.0,8.0
,0.0,2.0,18.0,55.0,1.0,66.0,08-03-2028,445.0,1.0,2.0,4.0,168.0,,0.0,0.0,0.0,12.0,18.0,0.0,5.0,1.0,,1206.0,82576.0,,Together,86.08,3089.0,,11.0,,3.0,
0.0,0.0,4.0,5.0,3.0,4.0,91.0,25-03-2030,,8.0,1.0,0.0,,1.0,0.0,0.0,0.0,4.0,4.0,,4.0,0.0,8182.0,53.0,23228.0,,Married,111.13,3114.0,0.0,11.0,Graduation,3.0,3.0
,0.0,1.0,3.0,6.0,1.0,,23-11-2028,,7.0,1.0,0.0,0.0,1.0,0.0,0.0,0.0,3.0,0.0,,3.0,0.0,9850.0,3.0,,,,1.79,3102.0,0.0,11.0,2n Cycle,,0.0
0.0,,2.0,34.0,27.0,4.0,30.0,01-07-2028,71.0,9.0,0.0,1.0,13.0,0.0,0.0,0.0,0.0,,3.0,1.0,3.0,0.0,,229.0,40780.0,2.0,Divorced,5.15,3106.0,0.0,11.0,Graduation,3.0,7.0
0.0,0.0,2.0,32.0,10.0,,37.0,25-05-2030,345.0,0.0,3.0,8.0,84.0,0.0,0.0,0.0,0.0,7.0,54.0,0.0,4.0,0.0,6428.0,605.0,76842.0,10.0,Widow,,3080.0,0.0,11.0,PhD,3.0,1.0
0.0,0.0,2.0,30.0,0.0,3.0,10.0,13-02-2030,22.0,7.0,1.0,1.0,13.0,,0.0,0.0,0.0,3.0,0.0,1.0,3.0,0.0,8159.0,117.0,51287.0,1.0,Married,69.0,,0.0,11.0,Graduation,3.0,4.0
0.0,0.0,0.0,16.0,,,19.0,27-06-2029,28.0,7.0,0.0,,13.0,0.0,0.0,0.0,0.0,3.0,4.0,0.0,2.0,,10595.0,2.0,30093.0,9.0,Married,75.03,3120.0,0.0,11.0,Graduation,3.0,2.0
0.0,0.0,1.0,14.0,1.0,2.0,79.0,24-06-2029,54.0,,0.0,1.0,13.0,0.0,,0.0,0.0,5.0,9.0,1.0,2.0,,2895.0,104.0,49980.0,8.0,Single,2.64,3093.0,0.0,11.0,Graduation,,3.0
0.0,0.0,,232.0,17.0,,84.0,,241.0,7.0,,5.0,104.0,0.0,0.0,0.0,0.0,9.0,188.0,0.0,4.0,0.0,1440.0,367.0,52513.0,2.0,Together,,3108.0,0.0,11.0,2n Cycle,3.0,9.0
0.0,0.0,2.0,36.0,0.0,4.0,,02-07-2028,27.0,8.0,1.0,2.0,0.0,1.0,0.0,0.0,0.0,2.0,0.0,1.0,5.0,0.0,9.0,57.0,46098.0,1.0,Single,21.75,3105.0,0.0,11.0,Master,3.0,3.0
0.0,0.0,4.0,4.0,13.0,6.0,85.0,07-09-2029,46.0,7.0,2.0,2.0,17.0,1.0,0.0,0.0,0.0,4.0,2.0,1.0,3.0,0.0,5253.0,145.0,54603.0,1.0,Together,4.96,3086.0,,11.0,Master,3.0,4.0
,0.0,1.0,151.0,142.0,1.0,41.0,28-12-2029,218.0,1.0,0.0,8.0,164.0,0.0,0.0,0.0,0.0,11.0,58.0,0.0,,0.0,,294.0,75012.0,5.0,,100.52,3106.0,0.0,11.0,Master,3.0,3.0
0.0,0.0,0.0,174.0,81.0,6.0,77.0,15-08-2029,368.0,,,5.0,0.0,0.0,0.0,0.0,0.0,9.0,122.0,1.0,3.0,0.0,10159.0,440.0,58710.0,5.0,Divorced,84.57,3100.0,0.0,11.0,Graduation,3.0,11.0
0.0,0.0,,77.0,5.0,,23.0,23-02-2029,119.0,2.0,3.0,3.0,38.0,,0.0,0.0,0.0,12.0,,1.0,4.0,0.0,1802.0,412.0,64795.0,6.0,Married,98.02,3101.0,0.0,11.0,,3.0,3.0
0.0,0.0,,1.0,1.0,0.0,81.0,05-05-2030,1.0,0.0,2.0,0.0,1.0,0.0,0.0,0.0,0.0,0.0,1.0,0.0,1.0,0.0,5555.0,1.0,153924.0,5.0,Divorced,113.39,3105.0,,11.0,Graduation,3.0,0.0
0.0,0.0,0.0,43.0,,1.0,0.0,24-05-2030,,2.0,1.0,7.0,240.0,0.0,0.0,0.0,0.0,5.0,32.0,0.0,5.0,0.0,7348.0,,71691.0,2.0,Single,12.29,3088.0,1.0,,PhD,3.0,4.0
0.0,0.0,1.0,93.0,77.0,1.0,23.0,21-01-2030,,1.0,3.0,6.0,,0.0,0.0,0.0,,12.0,23.0,0.0,2.0,,10711.0,217.0,69755.0,9.0,Married,,3075.0,0.0,11.0,Graduation,3.0,3.0
0.0,0.0,,114.0,45.0,,82.0,,654.0,,2.0,4.0,104.0,0.0,0.0,0.0,0.0,10.0,11.0,0.0,2.0,0.0,10868.0,344.0,70792.0,7.0,Widow,27.75,3081.0,0.0,11.0,Graduation,3.0,3.0
0.0,0.0,2.0,64.0,3.0,4.0,11.0,30-05-2028,37.0,9.0,3.0,2.0,4.0,1.0,,0.0,,,2.0,1.0,5.0,0.0,2715.0,70.0,29435.0,4.0,Divorced,48.16,3096.0,1.0,11.0,Master,3.0,3.0
0.0,0.0,1.0,21.0,42.0,,77.0,08-12-2028,716.0,,,10.0,55.0,0.0,0.0,0.0,,5.0,0.0,0.0,3.0,1.0,6932.0,1285.0,93027.0,10.0,Married,104.76,3071.0,0.0,11.0,PhD,,7.0
0.0,,2.0,23.0,0.0,1.0,56.0,23-06-2028,11.0,6.0,2.0,1.0,2.0,,0.0,0.0,0.0,3.0,8.0,,4.0,0.0,2066.0,70.0,38823.0,5.0,Together,46.34,3079.0,0.0,11.0,Graduation,3.0,2.0
0.0,0.0,1.0,,,1.0,0.0,05-07-2029,535.0,1.0,1.0,6.0,73.0,0.0,0.0,0.0,0.0,10.0,98.0,,3.0,0.0,2079.0,450.0,81044.0,8.0,Married,24.34,3077.0,0.0,11.0,2n Cycle,3.0,5.0
0.0,0.0,3.0,199.0,0.0,7.0,92.0,05-06-2028,76.0,8.0,3.0,,,0.0,0.0,0.0,0.0,9.0,9.0,1.0,4.0,0.0,3298.0,856.0,52973.0,10.0,Married,89.09,3086.0,0.0,11.0,Master,3.0,9.0
0.0,0.0,1.0,,114.0,1.0,41.0,22-01-2030,254.0,3.0,2.0,,132.0,0.0,0.0,0.0,0.0,7.0,152.0,0.0,4.0,1.0,7010.0,635.0,70924.0,6.0,Married,69.88,3095.0,0.0,11.0,2n Cycle,3.0,6.0
0.0,0.0,2.0,,2.0,2.0,71.0,13-03-2030,15.0,6.0,4.0,0.0,2.0,1.0,0.0,0.0,,3.0,,0.0,4.0,0.0,,13.0,26642.0,10.0,,,3097.0,,,PhD,3.0,2.0
0.0,0.0,2.0,2.0,0.0,,55.0,17-02-2030,11.0,6.0,2.0,0.0,3.0,,0.0,,0.0,3.0,2.0,1.0,3.0,,194.0,23.0,48006.0,7.0,Married,91.01,3095.0,0.0,11.0,Graduation,3.0,
0.0,0.0,0.0,32.0,3.0,7.0,94.0,04-01-2029,90.0,8.0,1.0,1.0,12.0,2.0,,0.0,0.0,4.0,1.0,1.0,,0.0,,73.0,35688.0,4.0,Married,38.29,3103.0,0.0,11.0,2n Cycle,3.0,4.0
0.0,0.0,3.0,43.0,194.0,1.0,18.0,29-06-2028,106.0,2.0,1.0,4.0,31.0,0.0,0.0,0.0,0.0,4.0,22.0,0.0,,0.0,10991.0,454.0,89058.0,3.0,Married,13.71,3090.0,0.0,11.0,Master,3.0,5.0
0.0,0.0,0.0,0.0,1.0,,87.0,10-10-2029,24.0,8.0,3.0,0.0,0.0,1.0,0.0,0.0,0.0,3.0,,0.0,3.0,0.0,2445.0,38.0,28440.0,10.0,Together,17.1,,0.0,11.0,PhD,3.0,2.0
0.0,0.0,2.0,4.0,2.0,1.0,65.0,18-08-2030,11.0,6.0,3.0,0.0,,0.0,0.0,0.0,0.0,2.0,0.0,0.0,3.0,0.0,5184.0,4.0,34824.0,10.0,Single,108.8,,0.0,11.0,Graduation,3.0,1.0
0.0,,2.0,42.0,10.0,4.0,80.0,22-10-2028,161.0,8.0,,2.0,65.0,,0.0,0.0,0.0,9.0,40.0,1.0,5.0,0.0,9120.0,,66565.0,10.0,Single,38.42,3092.0,0.0,11.0,Graduation,3.0,4.0
0.0,0.0,5.0,18.0,11.0,1.0,93.0,30-05-2030,25.0,3.0,0.0,1.0,29.0,1.0,0.0,0.0,0.0,4.0,1.0,0.0,3.0,,,30.0,45204.0,1.0,Together,111.05,3118.0,0.0,,2n Cycle,3.0,1.0
1.0,0.0,1.0,93.0,80.0,2.0,93.0,07-10-2028,,,1.0,4.0,52.0,,0.0,0.0,0.0,,107.0,0.0,,1.0,6988.0,,71952.0,2.0,Married,16.44,,0.0,,Graduation,3.0,8.0
0.0,0.0,0.0,0.0,,1.0,37.0,08-11-2028,5.0,4.0,3.0,0.0,0.0,2.0,0.0,0.0,,3.0,0.0,1.0,,0.0,10350.0,33.0,54432.0,,Married,26.52,3080.0,0.0,11.0,PhD,3.0,
0.0,0.0,2.0,11.0,46.0,2.0,32.0,17-03-2029,92.0,5.0,1.0,2.0,,,,0.0,0.0,7.0,61.0,,4.0,0.0,4698.0,135.0,50150.0,7.0,Married,50.08,,0.0,11.0,PhD,3.0,5.0
,0.0,2.0,11.0,,2.0,32.0,09-02-2029,92.0,5.0,4.0,2.0,65.0,0.0,0.0,0.0,0.0,7.0,61.0,0.0,2.0,0.0,3037.0,135.0,50150.0,,Married,106.29,3113.0,0.0,11.0,PhD,3.0,5.0
0.0,0.0,2.0,9.0,1.0,,82.0,01-03-2029,16.0,8.0,2.0,1.0,0.0,1.0,0.0,0.0,0.0,3.0,0.0,1.0,4.0,0.0,5079.0,71.0,,8.0,Married,1.53,3101.0,0.0,11.0,Graduation,3.0,2.0
0.0,0.0,1.0,,0.0,1.0,,12-05-2029,19.0,7.0,1.0,0.0,2.0,,0.0,0.0,0.0,3.0,1.0,1.0,3.0,0.0,10738.0,40.0,49389.0,5.0,Single,86.07,3081.0,,11.0,Master,3.0,2.0
1.0,0.0,2.0,,,1.0,12.0,04-12-2028,9.0,7.0,1.0,1.0,2.0,1.0,0.0,0.0,0.0,2.0,1.0,0.0,3.0,,7573.0,39.0,31626.0,9.0,Single,83.85,3108.0,1.0,11.0,PhD,3.0,2.0
0.0,0.0,1.0,21.0,184.0,1.0,50.0,08-03-2028,368.0,5.0,4.0,4.0,13.0,0.0,0.0,0.0,0.0,6.0,97.0,1.0,3.0,0.0,8091.0,423.0,63943.0,,Married,69.62,,0.0,11.0,Graduation,3.0,6.0
0.0,0.0,1.0,15.0,3.0,1.0,52.0,,3.0,6.0,4.0,0.0,15.0,0.0,0.0,0.0,0.0,3.0,4.0,1.0,3.0,0.0,3850.0,3.0,14918.0,10.0,Together,111.74,3093.0,0.0,11.0,Basic,3.0,1.0
0.0,0.0,3.0,,3.0,1.0,81.0,17-03-2029,,7.0,1.0,0.0,6.0,1.0,,0.0,0.0,,2.0,0.0,5.0,,,3.0,34421.0,3.0,Married,73.45,3104.0,0.0,11.0,Graduation,3.0,1.0
0.0,0.0,0.0,20.0,7.0,1.0,67.0,20-05-2029,13.0,6.0,1.0,1.0,3.0,0.0,0.0,0.0,0.0,2.0,2.0,1.0,5.0,0.0,1744.0,9.0,23529.0,6.0,Single,95.16,3095.0,0.0,11.0,Basic,3.0,1.0
0.0,0.0,2.0,9.0,8.0,1.0,18.0,28-01-2029,22.0,4.0,2.0,1.0,24.0,0.0,,0.0,0.0,4.0,11.0,0.0,3.0,0.0,4712.0,8.0,20193.0,8.0,Together,10.53,,0.0,,2n Cycle,3.0,1.0
0.0,0.0,0.0,4.0,2.0,1.0,69.0,12-12-2029,10.0,7.0,3.0,0.0,0.0,1.0,0.0,0.0,0.0,3.0,1.0,0.0,3.0,0.0,11178.0,15.0,42394.0,10.0,Single,23.87,3102.0,0.0,11.0,Master,3.0,1.0
0.0,0.0,1.0,36.0,14.0,3.0,51.0,,29.0,4.0,,,4.0,,,0.0,0.0,4.0,2.0,0.0,2.0,0.0,,10.0,,3.0,Together,41.75,3103.0,,11.0,Graduation,3.0,2.0
0.0,0.0,3.0,233.0,33.0,1.0,27.0,19-11-2028,549.0,,2.0,3.0,,0.0,,0.0,0.0,8.0,133.0,0.0,4.0,0.0,5955.0,833.0,,5.0,Together,33.72,3092.0,0.0,11.0,Graduation,3.0,4.0
,0.0,2.0,6.0,,4.0,,03-05-2028,102.0,3.0,,2.0,16.0,,0.0,0.0,0.0,12.0,18.0,1.0,1.0,0.0,,452.0,66653.0,6.0,,73.47,3105.0,,11.0,Graduation,3.0,4.0
0.0,0.0,2.0,41.0,66.0,1.0,83.0,13-09-2028,315.0,2.0,0.0,3.0,97.0,0.0,0.0,0.0,0.0,5.0,174.0,0.0,3.0,0.0,5185.0,199.0,,2.0,Married,48.05,3085.0,0.0,11.0,Graduation,3.0,4.0
0.0,0.0,1.0,4.0,,1.0,56.0,22-09-2029,,8.0,3.0,,8.0,1.0,0.0,0.0,0.0,,0.0,0.0,3.0,0.0,6918.0,,28691.0,8.0,Married,101.05,,0.0,,Graduation,,1.0
0.0,0.0,0.0,4.0,0.0,1.0,43.0,09-09-2029,3.0,6.0,2.0,0.0,0.0,0.0,0.0,0.0,,2.0,0.0,1.0,2.0,0.0,10381.0,14.0,47691.0,7.0,Single,75.63,3109.0,0.0,11.0,Graduation,3.0,1.0
0.0,0.0,2.0,174.0,0.0,6.0,24.0,26-08-2028,,8.0,0.0,5.0,0.0,0.0,0.0,0.0,,10.0,,1.0,3.0,,7101.0,953.0,52278.0,4.0,,,3093.0,0.0,11.0,PhD,3.0,10.0
0.0,0.0,2.0,35.0,2.0,4.0,,03-01-2029,43.0,6.0,3.0,1.0,,,0.0,0.0,0.0,5.0,5.0,1.0,4.0,0.0,8588.0,201.0,60544.0,8.0,Married,61.39,3091.0,0.0,11.0,Graduation,3.0,5.0
0.0,1.0,1.0,48.0,25.0,1.0,62.0,03-11-2029,706.0,2.0,1.0,5.0,80.0,0.0,0.0,0.0,0.0,,76.0,0.0,2.0,0.0,6086.0,445.0,80395.0,8.0,,17.91,3085.0,0.0,11.0,Graduation,3.0,6.0
0.0,0.0,3.0,10.0,1.0,3.0,79.0,13-11-2029,,5.0,0.0,1.0,3.0,1.0,0.0,0.0,0.0,3.0,0.0,,3.0,,5237.0,,48767.0,9.0,Single,64.05,3080.0,0.0,,PhD,3.0,2.0
0.0,,4.0,4.0,9.0,2.0,,16-04-2030,83.0,3.0,3.0,4.0,19.0,0.0,0.0,0.0,0.0,7.0,4.0,1.0,4.0,0.0,11176.0,376.0,65968.0,2.0,Together,14.79,3100.0,0.0,11.0,PhD,3.0,5.0
0.0,0.0,1.0,18.0,18.0,4.0,49.0,10-02-2029,,4.0,5.0,1.0,24.0,1.0,0.0,0.0,0.0,5.0,26.0,1.0,3.0,0.0,7019.0,109.0,54414.0,,Together,78.12,3093.0,0.0,11.0,Graduation,3.0,3.0
0.0,0.0,1.0,3.0,3.0,3.0,19.0,06-07-2028,26.0,8.0,1.0,0.0,10.0,1.0,0.0,0.0,0.0,4.0,9.0,0.0,,0.0,3645.0,19.0,,3.0,Single,40.16,3102.0,1.0,11.0,,3.0,2.0
0.0,0.0,1.0,22.0,34.0,1.0,4.0,19-05-2029,471.0,7.0,,5.0,119.0,0.0,0.0,0.0,0.0,9.0,68.0,0.0,3.0,0.0,8755.0,482.0,68657.0,7.0,Married,106.39,3076.0,0.0,,Master,3.0,3.0
0.0,0.0,2.0,14.0,7.0,6.0,39.0,24-12-2028,133.0,8.0,0.0,4.0,46.0,1.0,0.0,0.0,0.0,8.0,14.0,0.0,3.0,0.0,6613.0,513.0,,6.0,Married,,3100.0,0.0,11.0,Master,3.0,8.0
0.0,0.0,2.0,35.0,,5.0,34.0,17-01-2030,80.0,5.0,3.0,3.0,0.0,0.0,0.0,,0.0,12.0,,1.0,4.0,0.0,3924.0,801.0,57912.0,9.0,Divorced,,3095.0,0.0,11.0,PhD,3.0,8.0
,0.0,3.0,151.0,53.0,1.0,87.0,,213.0,4.0,2.0,4.0,104.0,0.0,0.0,0.0,,13.0,98.0,1.0,2.0,0.0,,445.0,58330.0,,Widow,93.33,3105.0,0.0,,Graduation,3.0,6.0
1.0,0.0,1.0,27.0,16.0,1.0,27.0,03-04-2030,98.0,3.0,1.0,7.0,134.0,0.0,0.0,0.0,,4.0,21.0,0.0,4.0,0.0,10573.0,125.0,62551.0,10.0,Divorced,74.68,3083.0,0.0,11.0,Graduation,3.0,6.0
,0.0,1.0,198.0,48.0,6.0,28.0,28-05-2029,186.0,7.0,1.0,8.0,,0.0,0.0,0.0,0.0,,18.0,1.0,,0.0,6299.0,324.0,42564.0,3.0,Divorced,83.49,3098.0,1.0,11.0,PhD,,6.0
0.0,0.0,3.0,163.0,20.0,1.0,72.0,17-02-2029,713.0,5.0,1.0,11.0,38.0,0.0,0.0,0.0,,11.0,54.0,0.0,3.0,,6945.0,387.0,84574.0,2.0,,7.21,3082.0,0.0,11.0,Graduation,3.0,9.0
0.0,0.0,3.0,29.0,4.0,2.0,,07-10-2028,12.0,4.0,,1.0,15.0,1.0,0.0,0.0,0.0,2.0,4.0,1.0,3.0,,5289.0,8.0,41658.0,2.0,Single,78.21,3105.0,0.0,11.0,2n Cycle,3.0,1.0
0.0,0.0,,1.0,1.0,15.0,65.0,23-11-2029,3.0,20.0,1.0,0.0,1.0,0.0,0.0,0.0,0.0,0.0,1.0,,2.0,0.0,6862.0,1.0,1730.0,4.0,Divorced,16.9,3101.0,0.0,,Graduation,3.0,0.0
0.0,0.0,4.0,24.0,7.0,4.0,68.0,18-07-2029,58.0,8.0,2.0,1.0,13.0,,,0.0,0.0,3.0,1.0,0.0,2.0,0.0,,72.0,34380.0,7.0,,64.01,3107.0,0.0,11.0,,3.0,4.0
0.0,1.0,2.0,245.0,102.0,1.0,58.0,31-12-2028,125.0,1.0,5.0,10.0,212.0,0.0,0.0,0.0,0.0,7.0,61.0,0.0,2.0,1.0,,,79244.0,9.0,Absurd,5.31,3123.0,1.0,11.0,Graduation,3.0,4.0
1.0,0.0,2.0,78.0,154.0,1.0,25.0,21-09-2028,323.0,6.0,1.0,3.0,201.0,0.0,0.0,0.0,0.0,10.0,61.0,0.0,2.0,0.0,,848.0,,6.0,Together,20.23,3112.0,,11.0,,3.0,10.0
1.0,1.0,3.0,210.0,147.0,1.0,80.0,11-01-2029,842.0,2.0,1.0,7.0,137.0,0.0,0.0,0.0,0.0,10.0,,,1.0,1.0,9010.0,,83151.0,6.0,Married,109.16,3102.0,1.0,11.0,Master,3.0,5.0
0.0,0.0,1.0,7.0,1.0,4.0,,22-01-2030,32.0,7.0,2.0,1.0,2.0,1.0,0.0,,0.0,4.0,1.0,1.0,1.0,0.0,7533.0,144.0,49096.0,3.0,Married,118.83,3094.0,0.0,,Graduation,,4.0
0.0,1.0,3.0,48.0,160.0,,33.0,11-01-2030,625.0,3.0,1.0,5.0,63.0,0.0,0.0,0.0,0.0,12.0,32.0,0.0,3.0,0.0,2612.0,754.0,75794.0,8.0,Married,11.84,,0.0,11.0,Graduation,,
0.0,0.0,2.0,32.0,108.0,1.0,,,,1.0,0.0,8.0,141.0,0.0,0.0,0.0,0.0,6.0,97.0,0.0,3.0,0.0,2631.0,,71853.0,1.0,Together,42.81,3112.0,0.0,11.0,Graduation,3.0,2.0
0.0,0.0,2.0,1.0,0.0,1.0,81.0,,3.0,5.0,3.0,0.0,0.0,1.0,0.0,0.0,0.0,3.0,0.0,2.0,3.0,0.0,73.0,14.0,51411.0,5.0,Single,89.14,3083.0,0.0,11.0,PhD,3.0,0.0
,0.0,1.0,7.0,1.0,1.0,37.0,,5.0,7.0,2.0,0.0,10.0,1.0,0.0,0.0,0.0,2.0,0.0,0.0,1.0,0.0,1968.0,5.0,45684.0,2.0,Widow,,3101.0,0.0,11.0,Graduation,3.0,1.0
0.0,0.0,3.0,38.0,15.0,2.0,52.0,03-04-2029,69.0,5.0,2.0,6.0,15.0,,0.0,0.0,0.0,4.0,19.0,2.0,3.0,0.0,10906.0,269.0,,6.0,Together,82.61,3078.0,0.0,11.0,PhD,,4.0
0.0,0.0,1.0,79.0,115.0,1.0,46.0,01-12-2029,292.0,,2.0,6.0,23.0,0.0,0.0,0.0,0.0,11.0,35.0,1.0,6.0,0.0,5077.0,425.0,77298.0,1.0,Together,16.91,3109.0,0.0,11.0,Graduation,3.0,6.0
0.0,0.0,2.0,,14.0,1.0,78.0,07-10-2028,717.0,4.0,1.0,5.0,210.0,0.0,0.0,0.0,0.0,10.0,0.0,0.0,3.0,0.0,217.0,556.0,64857.0,7.0,Single,37.93,3086.0,0.0,11.0,Master,3.0,
0.0,0.0,,3.0,3.0,2.0,,28-01-2030,17.0,5.0,2.0,0.0,7.0,1.0,0.0,0.0,0.0,4.0,,0.0,2.0,0.0,9423.0,13.0,32765.0,4.0,Married,18.2,,0.0,,,3.0,2.0
0.0,0.0,2.0,1.0,1.0,0.0,56.0,05-07-2029,1.0,14.0,1.0,0.0,0.0,1.0,0.0,0.0,0.0,0.0,0.0,0.0,4.0,0.0,11110.0,2.0,3502.0,10.0,Single,,3103.0,0.0,11.0,Graduation,3.0,0.0
1.0,1.0,1.0,224.0,21.0,1.0,65.0,09-05-2028,530.0,3.0,3.0,11.0,32.0,0.0,0.0,0.0,0.0,5.0,0.0,0.0,2.0,1.0,9058.0,1060.0,79800.0,10.0,Widow,84.23,3085.0,1.0,11.0,Graduation,3.0,5.0
0.0,0.0,3.0,4.0,1.0,2.0,22.0,09-01-2029,28.0,8.0,3.0,,,0.0,0.0,0.0,0.0,4.0,1.0,1.0,3.0,0.0,4971.0,108.0,31497.0,5.0,Together,119.21,3092.0,0.0,11.0,PhD,,3.0
0.0,,3.0,70.0,,8.0,,12-06-2029,64.0,8.0,4.0,1.0,7.0,1.0,0.0,0.0,0.0,,0.0,1.0,4.0,0.0,635.0,464.0,57183.0,,Married,15.98,3096.0,0.0,11.0,Master,3.0,9.0
0.0,0.0,2.0,12.0,8.0,1.0,4.0,22-01-2030,12.0,5.0,,0.0,8.0,,0.0,0.0,0.0,4.0,8.0,0.0,2.0,0.0,7685.0,,33039.0,4.0,Married,33.03,3108.0,0.0,11.0,Graduation,3.0,
0.0,0.0,2.0,129.0,55.0,1.0,67.0,17-04-2029,685.0,1.0,1.0,2.0,168.0,0.0,0.0,0.0,,13.0,92.0,0.0,1.0,0.0,4597.0,889.0,82072.0,5.0,,14.02,3100.0,0.0,11.0,PhD,3.0,3.0
0.0,1.0,,29.0,,3.0,76.0,20-08-2029,204.0,,1.0,8.0,,0.0,1.0,1.0,0.0,12.0,58.0,,1.0,0.0,3483.0,1039.0,48192.0,9.0,Married,2.36,3088.0,1.0,11.0,Graduation,,2.0
0.0,0.0,2.0,0.0,0.0,2.0,15.0,03-12-2029,13.0,4.0,1.0,1.0,3.0,0.0,0.0,0.0,0.0,4.0,1.0,1.0,,0.0,10609.0,71.0,42769.0,2.0,Married,,3092.0,0.0,11.0,PhD,3.0,1.0
0.0,0.0,,69.0,0.0,5.0,6.0,29-06-2028,38.0,6.0,1.0,3.0,11.0,0.0,0.0,0.0,0.0,6.0,8.0,1.0,3.0,0.0,2870.0,376.0,49094.0,1.0,Married,7.82,3103.0,0.0,11.0,Graduation,3.0,6.0
0.0,0.0,,7.0,,2.0,82.0,,15.0,6.0,2.0,0.0,,1.0,0.0,0.0,0.0,3.0,2.0,0.0,2.0,0.0,1612.0,23.0,,4.0,Single,107.44,3111.0,0.0,11.0,PhD,3.0,3.0
,0.0,1.0,35.0,0.0,6.0,11.0,23-05-2029,70.0,8.0,,2.0,0.0,0.0,0.0,0.0,0.0,7.0,0.0,1.0,3.0,0.0,3427.0,629.0,59821.0,9.0,,,3085.0,0.0,,PhD,3.0,11.0
0.0,0.0,1.0,5.0,42.0,3.0,86.0,27-02-2030,127.0,6.0,6.0,2.0,28.0,0.0,0.0,,0.0,8.0,5.0,2.0,4.0,0.0,,335.0,,,Married,91.43,,0.0,11.0,Graduation,3.0,7.0
0.0,1.0,1.0,,0.0,2.0,,02-08-2030,297.0,6.0,1.0,5.0,0.0,1.0,0.0,,0.0,10.0,34.0,,1.0,0.0,8746.0,800.0,75433.0,5.0,Married,34.31,,0.0,11.0,Graduation,,2.0
0.0,0.0,,,5.0,1.0,14.0,08-05-2030,32.0,6.0,2.0,1.0,,,0.0,1.0,0.0,7.0,5.0,,3.0,0.0,9362.0,492.0,69263.0,3.0,Single,24.15,3095.0,0.0,11.0,Graduation,3.0,9.0
0.0,0.0,2.0,81.0,81.0,1.0,68.0,04-02-2029,276.0,4.0,3.0,3.0,80.0,0.0,0.0,0.0,0.0,,40.0,0.0,2.0,,,562.0,65846.0,7.0,Married,119.98,,,11.0,PhD,,6.0
,0.0,1.0,196.0,17.0,2.0,29.0,31-10-2028,143.0,7.0,3.0,2.0,0.0,0.0,0.0,0.0,0.0,12.0,8.0,1.0,3.0,0.0,10061.0,724.0,59462.0,7.0,Married,88.58,3080.0,0.0,11.0,Graduation,3.0,9.0
0.0,0.0,3.0,122.0,0.0,1.0,60.0,07-11-2029,253.0,1.0,3.0,7.0,199.0,0.0,0.0,0.0,0.0,11.0,191.0,0.0,3.0,0.0,7851.0,161.0,70165.0,1.0,Widow,40.57,3079.0,0.0,11.0,Graduation,3.0,3.0
0.0,0.0,2.0,3.0,,1.0,,18-11-2029,5.0,7.0,5.0,0.0,6.0,0.0,0.0,0.0,0.0,2.0,0.0,,4.0,0.0,4808.0,,15759.0,8.0,Married,,3086.0,0.0,,Graduation,3.0,1.0
0.0,0.0,1.0,45.0,15.0,1.0,76.0,19-11-2029,106.0,6.0,3.0,2.0,20.0,0.0,0.0,1.0,0.0,8.0,7.0,0.0,2.0,0.0,4058.0,618.0,61284.0,3.0,Single,62.79,3085.0,0.0,11.0,PhD,3.0,11.0
0.0,0.0,,4.0,1.0,1.0,39.0,19-11-2029,5.0,,1.0,0.0,2.0,0.0,,0.0,0.0,3.0,1.0,1.0,3.0,0.0,7901.0,9.0,,2.0,Married,55.48,3101.0,,11.0,Master,,0.0
0.0,0.0,,1.0,4.0,1.0,13.0,28-02-2029,14.0,8.0,2.0,,4.0,1.0,0.0,0.0,0.0,3.0,4.0,0.0,4.0,0.0,4459.0,10.0,30279.0,2.0,Single,4.63,3119.0,0.0,11.0,Graduation,,1.0
0.0,0.0,0.0,41.0,3.0,7.0,54.0,07-11-2028,147.0,8.0,2.0,2.0,4.0,1.0,0.0,0.0,,5.0,24.0,1.0,2.0,,5995.0,165.0,39552.0,8.0,Divorced,29.55,3092.0,1.0,11.0,Graduation,3.0,6.0
0.0,0.0,1.0,0.0,1.0,1.0,66.0,18-08-2029,9.0,8.0,0.0,0.0,3.0,1.0,0.0,0.0,0.0,,,0.0,4.0,0.0,3726.0,4.0,34320.0,9.0,Together,78.82,,0.0,11.0,PhD,3.0,1.0
0.0,0.0,1.0,,0.0,11.0,3.0,31-10-2028,45.0,8.0,1.0,4.0,0.0,1.0,0.0,1.0,0.0,10.0,0.0,,1.0,0.0,873.0,,62845.0,10.0,Married,42.6,3079.0,1.0,11.0,Master,3.0,3.0
0.0,,,85.0,1.0,3.0,35.0,26-07-2028,64.0,6.0,4.0,2.0,16.0,,0.0,0.0,0.0,3.0,12.0,0.0,3.0,0.0,35.0,32.0,25545.0,7.0,Married,50.32,3117.0,1.0,,Graduation,3.0,2.0
0.0,0.0,2.0,12.0,0.0,1.0,97.0,19-09-2028,36.0,7.0,3.0,0.0,15.0,1.0,0.0,0.0,0.0,3.0,5.0,0.0,2.0,,6568.0,11.0,38680.0,6.0,Married,29.09,3114.0,0.0,11.0,Graduation,,2.0
0.0,0.0,0.0,99.0,3.0,7.0,69.0,09-06-2029,27.0,8.0,0.0,1.0,39.0,0.0,,0.0,0.0,5.0,6.0,1.0,,0.0,1409.0,,40689.0,9.0,Together,22.45,,0.0,11.0,Graduation,3.0,7.0
1.0,1.0,1.0,58.0,44.0,1.0,30.0,,396.0,4.0,0.0,7.0,0.0,0.0,0.0,0.0,0.0,7.0,88.0,1.0,2.0,1.0,7832.0,,77520.0,6.0,,48.71,3089.0,1.0,11.0,Master,3.0,8.0
0.0,0.0,2.0,11.0,7.0,5.0,37.0,18-02-2030,119.0,7.0,1.0,2.0,4.0,1.0,0.0,,,6.0,15.0,1.0,3.0,0.0,,239.0,65735.0,9.0,Together,,,0.0,11.0,Master,3.0,6.0
1.0,0.0,5.0,12.0,0.0,1.0,,07-08-2030,9.0,4.0,5.0,0.0,0.0,1.0,0.0,0.0,0.0,3.0,0.0,0.0,3.0,0.0,4338.0,23.0,39062.0,2.0,Single,46.49,3113.0,0.0,11.0,Graduation,3.0,1.0
0.0,0.0,2.0,14.0,56.0,4.0,16.0,27-04-2028,253.0,5.0,2.0,5.0,91.0,0.0,,0.0,0.0,7.0,98.0,1.0,2.0,0.0,9463.0,,71706.0,2.0,Together,,3089.0,0.0,11.0,Graduation,3.0,9.0
0.0,1.0,1.0,36.0,12.0,3.0,17.0,08-05-2028,145.0,5.0,,3.0,32.0,0.0,0.0,0.0,0.0,5.0,12.0,1.0,1.0,0.0,4673.0,1004.0,81300.0,4.0,Married,,,1.0,11.0,PhD,3.0,10.0
0.0,,,24.0,13.0,5.0,88.0,,87.0,7.0,2.0,2.0,17.0,,0.0,0.0,0.0,5.0,17.0,1.0,2.0,0.0,3083.0,215.0,45837.0,8.0,Married,30.93,3104.0,0.0,11.0,Graduation,3.0,
0.0,0.0,1.0,10.0,0.0,3.0,59.0,20-01-2029,76.0,8.0,5.0,4.0,0.0,0.0,0.0,1.0,0.0,9.0,0.0,1.0,4.0,0.0,1079.0,1000.0,71969.0,6.0,,91.91,,0.0,11.0,PhD,3.0,3.0
0.0,0.0,,,35.0,3.0,12.0,09-01-2030,271.0,5.0,2.0,2.0,28.0,0.0,0.0,0.0,0.0,,28.0,1.0,2.0,0.0,9699.0,357.0,67272.0,8.0,Divorced,115.08,3096.0,0.0,11.0,Graduation,3.0,6.0
0.0,0.0,0.0,20.0,9.0,4.0,,11-10-2029,45.0,6.0,1.0,,3.0,1.0,0.0,0.0,0.0,4.0,15.0,1.0,3.0,0.0,1506.0,48.0,42160.0,10.0,Single,83.83,3105.0,1.0,11.0,Graduation,3.0,2.0
0.0,,,,38.0,1.0,,13-12-2029,350.0,1.0,5.0,7.0,111.0,0.0,,0.0,0.0,10.0,85.0,1.0,2.0,0.0,2495.0,217.0,83891.0,6.0,Married,27.37,3104.0,0.0,11.0,Master,3.0,
0.0,0.0,1.0,46.0,46.0,1.0,68.0,01-08-2029,925.0,,3.0,6.0,60.0,0.0,0.0,0.0,0.0,4.0,107.0,0.0,,0.0,10955.0,,85620.0,,Widow,55.83,3094.0,1.0,11.0,Graduation,3.0,3.0
,0.0,2.0,34.0,122.0,,,01-11-2028,476.0,8.0,1.0,2.0,39.0,0.0,0.0,0.0,0.0,11.0,153.0,,4.0,,5989.0,752.0,78353.0,,Divorced,94.25,3089.0,,11.0,2n Cycle,3.0,10.0
0.0,0.0,2.0,8.0,0.0,3.0,78.0,12-04-2029,13.0,5.0,1.0,1.0,4.0,1.0,0.0,0.0,0.0,,2.0,1.0,3.0,0.0,4227.0,28.0,32889.0,7.0,Together,50.81,3098.0,0.0,11.0,Master,3.0,2.0
0.0,0.0,2.0,9.0,19.0,1.0,22.0,01-10-2029,69.0,2.0,1.0,4.0,12.0,0.0,,0.0,0.0,8.0,,1.0,,0.0,9971.0,397.0,,10.0,Married,21.16,3094.0,0.0,11.0,PhD,3.0,4.0
0.0,1.0,2.0,108.0,23.0,1.0,93.0,31-05-2030,384.0,2.0,2.0,5.0,250.0,,0.0,0.0,0.0,9.0,12.0,0.0,2.0,0.0,2008.0,372.0,77583.0,2.0,Married,,,0.0,11.0,Graduation,3.0,4.0
0.0,0.0,2.0,32.0,4.0,3.0,94.0,30-06-2029,,7.0,3.0,1.0,6.0,1.0,0.0,0.0,0.0,3.0,8.0,0.0,3.0,0.0,11114.0,25.0,19656.0,3.0,Together,88.32,3100.0,0.0,11.0,Graduation,3.0,2.0
0.0,0.0,2.0,49.0,26.0,2.0,40.0,01-10-2028,,8.0,1.0,0.0,38.0,1.0,0.0,0.0,0.0,4.0,,0.0,4.0,,4643.0,8.0,27803.0,1.0,Married,7.86,,0.0,,Graduation,3.0,3.0
0.0,0.0,1.0,4.0,,2.0,99.0,25-01-2030,6.0,5.0,0.0,1.0,2.0,0.0,0.0,0.0,,3.0,0.0,1.0,3.0,0.0,7232.0,55.0,42429.0,10.0,Widow,8.57,3103.0,0.0,11.0,Graduation,3.0,1.0
1.0,0.0,,,,2.0,27.0,09-02-2029,199.0,4.0,4.0,3.0,37.0,0.0,0.0,0.0,0.0,5.0,47.0,1.0,,0.0,6281.0,,55686.0,9.0,Divorced,10.71,3096.0,0.0,11.0,,,6.0
,0.0,1.0,170.0,199.0,7.0,25.0,,303.0,7.0,1.0,2.0,234.0,0.0,0.0,0.0,0.0,12.0,9.0,1.0,1.0,0.0,2849.0,265.0,60474.0,7.0,Single,57.37,,0.0,11.0,Graduation,3.0,10.0
0.0,0.0,3.0,,0.0,1.0,96.0,15-08-2030,5.0,2.0,2.0,,2.0,2.0,,0.0,0.0,3.0,0.0,1.0,2.0,0.0,10492.0,2.0,38285.0,2.0,Together,,,0.0,11.0,Graduation,3.0,0.0
0.0,0.0,,,6.0,3.0,11.0,27-03-2029,15.0,5.0,1.0,1.0,12.0,1.0,0.0,0.0,0.0,3.0,8.0,,5.0,0.0,4186.0,18.0,34026.0,7.0,Together,92.55,3080.0,0.0,11.0,Graduation,3.0,2.0
0.0,0.0,3.0,,0.0,,4.0,12-02-2029,6.0,5.0,2.0,,3.0,0.0,0.0,0.0,0.0,,1.0,1.0,,0.0,8430.0,9.0,21994.0,10.0,Together,87.4,3087.0,0.0,11.0,Graduation,3.0,
,0.0,1.0,,16.0,2.0,0.0,11-06-2030,24.0,7.0,2.0,1.0,11.0,1.0,0.0,0.0,0.0,2.0,0.0,0.0,3.0,0.0,5371.0,6.0,21474.0,3.0,,,3119.0,1.0,11.0,Graduation,3.0,3.0
0.0,0.0,2.0,0.0,0.0,1.0,2.0,16-02-2030,,7.0,1.0,0.0,0.0,,0.0,0.0,0.0,3.0,0.0,1.0,3.0,0.0,4877.0,,38576.0,8.0,Married,90.81,,0.0,11.0,Master,3.0,1.0
0.0,0.0,3.0,1.0,0.0,2.0,31.0,27-10-2030,,6.0,2.0,0.0,0.0,1.0,0.0,0.0,,,0.0,1.0,3.0,0.0,7411.0,11.0,31686.0,8.0,Married,114.58,3094.0,0.0,11.0,,3.0,1.0
,1.0,0.0,95.0,4.0,6.0,35.0,14-10-2029,51.0,,3.0,2.0,,1.0,0.0,,0.0,6.0,4.0,1.0,3.0,0.0,4426.0,367.0,55801.0,10.0,Single,59.37,3105.0,0.0,11.0,Graduation,3.0,7.0
0.0,0.0,4.0,16.0,6.0,1.0,9.0,10-03-2030,2.0,,2.0,0.0,11.0,,0.0,0.0,,3.0,2.0,0.0,1.0,,6424.0,12.0,33178.0,3.0,Together,41.26,3107.0,0.0,11.0,Graduation,3.0,1.0
0.0,0.0,,9.0,9.0,2.0,,28-10-2028,249.0,4.0,0.0,4.0,0.0,0.0,0.0,0.0,0.0,5.0,28.0,1.0,3.0,0.0,5114.0,670.0,74806.0,10.0,Married,69.08,3095.0,0.0,11.0,Master,3.0,5.0
0.0,0.0,2.0,10.0,13.0,,,24-01-2030,34.0,5.0,0.0,0.0,10.0,0.0,0.0,0.0,0.0,4.0,6.0,,3.0,0.0,3515.0,87.0,62307.0,10.0,Single,42.3,3082.0,0.0,11.0,Graduation,3.0,
0.0,0.0,1.0,5.0,0.0,4.0,83.0,18-04-2029,65.0,6.0,5.0,2.0,7.0,0.0,0.0,0.0,0.0,9.0,,1.0,4.0,0.0,55.0,509.0,56253.0,5.0,Together,97.85,,0.0,11.0,Graduation,3.0,7.0
0.0,0.0,1.0,11.0,11.0,1.0,21.0,10-04-2030,61.0,7.0,3.0,2.0,4.0,0.0,,0.0,0.0,4.0,7.0,1.0,5.0,0.0,10127.0,301.0,58692.0,1.0,Married,69.28,3095.0,0.0,11.0,Graduation,3.0,8.0
,0.0,3.0,16.0,2.0,2.0,79.0,,11.0,8.0,0.0,1.0,3.0,1.0,0.0,0.0,0.0,2.0,0.0,1.0,3.0,0.0,922.0,16.0,31086.0,9.0,Married,110.28,3109.0,0.0,11.0,2n Cycle,3.0,1.0
1.0,0.0,3.0,30.0,24.0,1.0,27.0,03-02-2030,15.0,7.0,1.0,1.0,13.0,0.0,0.0,0.0,0.0,,1.0,0.0,3.0,0.0,4376.0,10.0,32218.0,2.0,Single,61.23,3090.0,1.0,11.0,2n Cycle,3.0,2.0
1.0,0.0,1.0,242.0,,3.0,30.0,12-06-2030,278.0,,,2.0,0.0,0.0,0.0,0.0,0.0,11.0,12.0,1.0,1.0,,6384.0,909.0,71022.0,2.0,Divorced,105.75,3108.0,0.0,11.0,Graduation,3.0,5.0
0.0,,2.0,12.0,1.0,3.0,19.0,25-07-2029,10.0,5.0,,0.0,3.0,,0.0,0.0,0.0,3.0,2.0,0.0,2.0,0.0,2139.0,3.0,7500.0,10.0,Married,6.32,,0.0,11.0,Master,3.0,2.0
0.0,0.0,1.0,227.0,35.0,1.0,92.0,06-02-2030,305.0,1.0,0.0,11.0,46.0,,0.0,0.0,0.0,5.0,17.0,0.0,3.0,0.0,4508.0,203.0,,10.0,Single,,3082.0,0.0,11.0,Graduation,3.0,
,0.0,1.0,2.0,2.0,1.0,82.0,06-12-2028,1.0,8.0,1.0,0.0,3.0,1.0,0.0,,1.0,2.0,1.0,0.0,,,6742.0,2.0,17688.0,4.0,Married,63.01,,0.0,11.0,Graduation,3.0,1.0
0.0,0.0,0.0,10.0,2.0,1.0,97.0,28-03-2030,,9.0,3.0,0.0,3.0,1.0,0.0,0.0,0.0,2.0,0.0,0.0,2.0,0.0,1663.0,20.0,34043.0,10.0,Together,74.19,,0.0,11.0,PhD,3.0,2.0
1.0,0.0,1.0,7.0,,1.0,,07-09-2030,9.0,6.0,2.0,2.0,4.0,,0.0,0.0,0.0,2.0,,0.0,3.0,0.0,6019.0,45.0,37126.0,,,20.87,3101.0,1.0,11.0,PhD,3.0,1.0
,0.0,1.0,2.0,2.0,2.0,68.0,17-11-2029,9.0,4.0,1.0,0.0,2.0,1.0,0.0,0.0,0.0,3.0,0.0,1.0,4.0,,11091.0,,34587.0,6.0,Together,58.83,3083.0,0.0,11.0,Graduation,3.0,1.0
0.0,0.0,,,87.0,1.0,75.0,15-04-2029,64.0,7.0,0.0,,175.0,0.0,0.0,0.0,0.0,6.0,16.0,0.0,2.0,0.0,1362.0,33.0,31907.0,3.0,Single,28.93,3102.0,0.0,11.0,Graduation,3.0,6.0
0.0,,0.0,44.0,,10.0,21.0,,59.0,7.0,,1.0,19.0,1.0,0.0,0.0,,8.0,9.0,1.0,3.0,0.0,2877.0,410.0,46014.0,4.0,Together,20.31,3104.0,0.0,11.0,Master,3.0,7.0
0.0,0.0,1.0,38.0,15.0,2.0,52.0,13-03-2030,69.0,5.0,4.0,6.0,15.0,0.0,0.0,0.0,,4.0,19.0,2.0,4.0,0.0,,269.0,46681.0,1.0,Together,38.69,3078.0,0.0,11.0,PhD,3.0,4.0
1.0,0.0,0.0,27.0,41.0,5.0,,16-11-2028,86.0,7.0,0.0,3.0,45.0,0.0,0.0,,0.0,5.0,6.0,1.0,1.0,0.0,10448.0,172.0,46998.0,10.0,Single,73.32,3086.0,0.0,11.0,Graduation,3.0,5.0
0.0,0.0,1.0,3.0,3.0,2.0,16.0,09-11-2029,23.0,6.0,7.0,0.0,,1.0,0.0,0.0,0.0,4.0,7.0,0.0,3.0,0.0,8933.0,,32146.0,6.0,Married,62.04,3113.0,0.0,,2n Cycle,3.0,2.0
0.0,0.0,2.0,7.0,0.0,6.0,26.0,25-11-2029,35.0,5.0,1.0,2.0,4.0,1.0,0.0,0.0,0.0,8.0,3.0,2.0,,,1542.0,347.0,,,,104.24,3105.0,0.0,,Graduation,3.0,4.0
0.0,0.0,1.0,20.0,4.0,,71.0,12-11-2029,66.0,7.0,1.0,1.0,,0.0,0.0,0.0,0.0,4.0,10.0,,3.0,0.0,3386.0,34.0,,4.0,Married,53.11,,0.0,11.0,Graduation,,2.0
0.0,0.0,0.0,78.0,7.0,5.0,49.0,18-08-2029,114.0,5.0,,2.0,37.0,0.0,0.0,1.0,0.0,,21.0,1.0,3.0,0.0,5543.0,545.0,57811.0,10.0,Together,15.72,3096.0,0.0,11.0,Graduation,3.0,7.0
0.0,0.0,1.0,9.0,1.0,4.0,10.0,02-02-2030,13.0,4.0,2.0,1.0,7.0,1.0,0.0,0.0,0.0,4.0,,1.0,3.0,0.0,8036.0,31.0,26850.0,6.0,Together,63.03,3101.0,0.0,11.0,2n Cycle,3.0,2.0
0.0,0.0,1.0,1.0,1.0,1.0,78.0,20-11-2029,5.0,5.0,,,0.0,2.0,0.0,0.0,0.0,3.0,,0.0,2.0,0.0,8916.0,9.0,36627.0,2.0,Divorced,1.26,3105.0,0.0,11.0,Graduation,3.0,0.0
0.0,0.0,1.0,19.0,9.0,10.0,11.0,24-04-2029,112.0,7.0,5.0,2.0,19.0,1.0,0.0,0.0,0.0,9.0,14.0,,4.0,,967.0,342.0,46049.0,4.0,Married,24.31,3106.0,1.0,11.0,Graduation,,5.0
,,1.0,35.0,14.0,,90.0,05-07-2030,113.0,5.0,2.0,,10.0,0.0,0.0,0.0,0.0,10.0,14.0,1.0,3.0,,832.0,561.0,65814.0,10.0,Together,118.97,3096.0,0.0,11.0,PhD,3.0,8.0
0.0,0.0,2.0,,21.0,2.0,,,64.0,3.0,4.0,2.0,62.0,0.0,0.0,,0.0,10.0,,1.0,,0.0,10669.0,277.0,54386.0,8.0,Married,81.08,,0.0,11.0,Graduation,3.0,3.0
0.0,0.0,1.0,14.0,0.0,3.0,,,56.0,7.0,5.0,1.0,20.0,1.0,0.0,0.0,0.0,3.0,8.0,0.0,3.0,0.0,7254.0,39.0,38361.0,3.0,Together,1.07,3099.0,0.0,11.0,Graduation,3.0,3.0
0.0,0.0,4.0,182.0,26.0,1.0,67.0,,473.0,,1.0,10.0,220.0,0.0,0.0,0.0,0.0,6.0,12.0,0.0,4.0,0.0,4483.0,315.0,72354.0,10.0,Single,54.61,3123.0,0.0,11.0,Graduation,3.0,2.0
0.0,0.0,2.0,,32.0,2.0,50.0,21-06-2030,189.0,4.0,2.0,4.0,0.0,0.0,0.0,0.0,0.0,10.0,58.0,1.0,3.0,0.0,4603.0,,65695.0,,,98.95,3090.0,,11.0,,3.0,5.0
0.0,0.0,3.0,36.0,0.0,4.0,86.0,02-01-2029,27.0,8.0,3.0,2.0,0.0,1.0,0.0,0.0,0.0,2.0,0.0,,3.0,0.0,2804.0,,46098.0,7.0,Single,,3105.0,1.0,,Master,3.0,3.0
0.0,0.0,,11.0,11.0,1.0,85.0,31-03-2030,,1.0,3.0,5.0,15.0,0.0,0.0,0.0,0.0,10.0,45.0,0.0,3.0,1.0,6963.0,675.0,,5.0,Single,21.93,3077.0,0.0,11.0,Graduation,3.0,
1.0,0.0,0.0,19.0,4.0,1.0,,14-04-2029,13.0,7.0,1.0,1.0,0.0,1.0,0.0,0.0,0.0,2.0,0.0,0.0,2.0,0.0,5623.0,15.0,31535.0,,Married,41.98,3110.0,0.0,11.0,Master,3.0,1.0
0.0,0.0,2.0,2.0,,2.0,57.0,25-07-2029,6.0,4.0,0.0,0.0,0.0,1.0,0.0,0.0,0.0,3.0,,1.0,,0.0,,23.0,44512.0,1.0,Together,31.39,3090.0,0.0,11.0,Graduation,3.0,1.0
0.0,,3.0,3.0,1.0,1.0,13.0,20-11-2028,5.0,,2.0,0.0,2.0,1.0,0.0,0.0,0.0,2.0,0.0,,2.0,0.0,9213.0,4.0,31880.0,2.0,Widow,4.82,3100.0,0.0,11.0,Graduation,3.0,1.0
0.0,0.0,2.0,,,1.0,73.0,,724.0,3.0,1.0,2.0,49.0,0.0,0.0,0.0,0.0,6.0,74.0,0.0,3.0,0.0,4278.0,910.0,87188.0,,Single,48.73,3113.0,1.0,11.0,,3.0,10.0
0.0,0.0,0.0,46.0,7.0,2.0,88.0,20-11-2029,41.0,5.0,2.0,2.0,3.0,0.0,0.0,0.0,,5.0,2.0,1.0,3.0,0.0,10323.0,205.0,49413.0,1.0,Married,94.2,,0.0,11.0,Graduation,3.0,4.0
0.0,0.0,,43.0,4.0,3.0,32.0,19-06-2029,44.0,9.0,2.0,1.0,10.0,1.0,0.0,0.0,,3.0,10.0,,3.0,0.0,3517.0,50.0,40887.0,,Single,63.19,3082.0,,11.0,Graduation,3.0,3.0
0.0,0.0,3.0,13.0,7.0,6.0,65.0,20-10-2029,33.0,7.0,3.0,1.0,3.0,1.0,0.0,1.0,0.0,5.0,0.0,1.0,4.0,0.0,,215.0,53083.0,3.0,Together,83.22,3088.0,0.0,11.0,2n Cycle,3.0,5.0
0.0,0.0,,15.0,47.0,1.0,78.0,18-10-2029,573.0,1.0,1.0,3.0,52.0,0.0,0.0,0.0,0.0,6.0,,0.0,2.0,0.0,3503.0,255.0,82460.0,6.0,Divorced,78.64,3080.0,0.0,11.0,,3.0,5.0
0.0,0.0,,42.0,49.0,1.0,26.0,01-11-2029,127.0,,3.0,2.0,111.0,0.0,0.0,0.0,0.0,10.0,21.0,0.0,4.0,0.0,4141.0,426.0,71613.0,8.0,Together,19.39,3095.0,0.0,11.0,Graduation,3.0,8.0
0.0,0.0,2.0,60.0,12.0,4.0,56.0,26-12-2028,96.0,8.0,0.0,4.0,16.0,0.0,0.0,1.0,0.0,11.0,12.0,1.0,3.0,0.0,10319.0,1090.0,66303.0,1.0,Married,113.15,3101.0,0.0,11.0,Graduation,3.0,3.0
0.0,0.0,3.0,,,5.0,21.0,31-07-2029,165.0,5.0,2.0,5.0,0.0,0.0,0.0,0.0,0.0,12.0,24.0,1.0,3.0,0.0,9284.0,620.0,,4.0,Together,88.65,3088.0,0.0,11.0,Graduation,3.0,5.0
0.0,0.0,1.0,11.0,0.0,1.0,47.0,12-06-2030,9.0,6.0,2.0,0.0,0.0,1.0,0.0,0.0,,3.0,1.0,0.0,,0.0,6211.0,,37395.0,3.0,Together,102.63,,0.0,11.0,PhD,3.0,1.0
0.0,,2.0,126.0,8.0,9.0,64.0,16-01-2029,104.0,9.0,1.0,1.0,6.0,1.0,,0.0,0.0,6.0,4.0,1.0,2.0,0.0,6097.0,313.0,50664.0,6.0,,43.47,3089.0,0.0,11.0,Graduation,3.0,8.0
0.0,0.0,,21.0,39.0,1.0,29.0,17-05-2030,63.0,2.0,2.0,1.0,55.0,0.0,0.0,0.0,0.0,,18.0,1.0,,,6255.0,138.0,70545.0,8.0,Together,21.05,3082.0,0.0,11.0,Master,3.0,4.0
0.0,0.0,1.0,8.0,25.0,3.0,84.0,06-03-2029,142.0,4.0,1.0,3.0,65.0,0.0,0.0,0.0,0.0,,67.0,1.0,3.0,0.0,9988.0,,70379.0,2.0,Single,,3106.0,0.0,11.0,Master,3.0,6.0
0.0,0.0,2.0,19.0,1.0,1.0,77.0,16-11-2028,7.0,8.0,2.0,1.0,23.0,0.0,0.0,0.0,0.0,2.0,4.0,0.0,3.0,0.0,4086.0,,18690.0,4.0,Married,78.23,3089.0,0.0,,Graduation,3.0,1.0
0.0,0.0,3.0,82.0,10.0,1.0,79.0,01-11-2028,205.0,3.0,3.0,3.0,160.0,0.0,0.0,,0.0,6.0,143.0,1.0,4.0,0.0,2674.0,543.0,75154.0,2.0,Single,98.69,3088.0,1.0,11.0,Master,3.0,6.0
0.0,0.0,0.0,22.0,31.0,3.0,,25-05-2029,88.0,,2.0,2.0,,0.0,,,0.0,10.0,48.0,1.0,,0.0,6261.0,270.0,58025.0,4.0,Married,22.07,3109.0,0.0,,Graduation,3.0,3.0
0.0,0.0,2.0,1.0,0.0,1.0,2.0,30-07-2030,4.0,8.0,4.0,0.0,0.0,2.0,0.0,0.0,0.0,2.0,0.0,1.0,4.0,0.0,7264.0,12.0,52195.0,8.0,Single,26.3,,0.0,11.0,2n Cycle,3.0,1.0
0.0,0.0,1.0,12.0,5.0,3.0,15.0,20-03-2030,8.0,4.0,1.0,0.0,8.0,,0.0,0.0,0.0,,3.0,1.0,,0.0,1307.0,27.0,41986.0,7.0,Divorced,111.03,3108.0,,11.0,Graduation,3.0,3.0
0.0,0.0,0.0,54.0,45.0,1.0,46.0,21-09-2030,207.0,1.0,3.0,4.0,36.0,0.0,0.0,0.0,0.0,6.0,18.0,0.0,3.0,,9624.0,603.0,65488.0,5.0,Together,,3088.0,0.0,11.0,PhD,,3.0
0.0,0.0,3.0,15.0,43.0,5.0,94.0,,118.0,5.0,3.0,3.0,46.0,1.0,0.0,0.0,0.0,,27.0,0.0,4.0,0.0,5324.0,173.0,58293.0,7.0,,61.06,,0.0,11.0,PhD,3.0,
0.0,0.0,2.0,1.0,0.0,1.0,24.0,16-03-2030,5.0,7.0,4.0,0.0,2.0,1.0,,0.0,0.0,3.0,1.0,0.0,3.0,0.0,3436.0,11.0,,4.0,Married,34.44,3099.0,0.0,11.0,,3.0,1.0
0.0,0.0,1.0,53.0,5.0,,87.0,22-12-2028,106.0,8.0,2.0,1.0,15.0,1.0,0.0,0.0,,,17.0,1.0,4.0,0.0,4478.0,457.0,63777.0,7.0,Married,4.68,3109.0,,,Graduation,3.0,11.0
0.0,0.0,1.0,32.0,37.0,1.0,2.0,,,3.0,1.0,9.0,27.0,0.0,0.0,0.0,0.0,13.0,167.0,0.0,2.0,0.0,4114.0,650.0,79143.0,,Married,88.55,3094.0,0.0,11.0,Master,3.0,6.0
0.0,,1.0,66.0,142.0,3.0,6.0,25-01-2029,113.0,,1.0,6.0,259.0,0.0,0.0,0.0,0.0,,151.0,1.0,2.0,0.0,7342.0,341.0,,5.0,Widow,115.98,3091.0,0.0,11.0,2n Cycle,3.0,6.0
0.0,,2.0,26.0,7.0,3.0,52.0,06-12-2029,108.0,6.0,,3.0,20.0,0.0,0.0,0.0,0.0,5.0,0.0,,4.0,0.0,,254.0,47025.0,5.0,,49.59,3106.0,0.0,11.0,,3.0,6.0
0.0,,1.0,,36.0,6.0,46.0,19-11-2028,234.0,9.0,4.0,2.0,86.0,1.0,0.0,0.0,,6.0,72.0,0.0,6.0,0.0,3933.0,186.0,44010.0,5.0,Together,105.75,3110.0,0.0,11.0,Graduation,3.0,10.0
0.0,0.0,1.0,51.0,51.0,2.0,,22-04-2030,87.0,,5.0,2.0,6.0,1.0,,0.0,0.0,4.0,20.0,0.0,3.0,0.0,2853.0,60.0,51766.0,2.0,Single,37.68,,0.0,11.0,Graduation,3.0,4.0
0.0,0.0,0.0,9.0,8.0,1.0,80.0,03-01-2029,20.0,7.0,,0.0,15.0,,0.0,0.0,0.0,3.0,3.0,0.0,3.0,0.0,6437.0,,41473.0,7.0,Single,10.19,3115.0,0.0,11.0,2n Cycle,3.0,2.0
0.0,,2.0,4.0,0.0,2.0,46.0,28-07-2030,16.0,,2.0,0.0,0.0,,0.0,0.0,0.0,3.0,0.0,1.0,3.0,0.0,,51.0,36927.0,5.0,Single,111.46,,0.0,11.0,Master,3.0,3.0
0.0,0.0,,20.0,0.0,4.0,27.0,26-01-2029,52.0,10.0,0.0,0.0,8.0,1.0,,0.0,0.0,4.0,3.0,0.0,,0.0,8486.0,284.0,,5.0,Together,,3101.0,0.0,11.0,,3.0,
1.0,0.0,2.0,30.0,0.0,2.0,79.0,05-12-2029,60.0,5.0,1.0,5.0,0.0,,0.0,0.0,0.0,13.0,0.0,1.0,4.0,0.0,9559.0,944.0,,5.0,,70.01,3091.0,0.0,11.0,PhD,3.0,7.0
0.0,0.0,0.0,19.0,5.0,3.0,45.0,03-05-2030,12.0,6.0,0.0,,10.0,1.0,0.0,0.0,,,3.0,1.0,0.0,0.0,,19.0,43602.0,4.0,Single,,3096.0,0.0,11.0,Graduation,3.0,3.0
0.0,0.0,1.0,40.0,35.0,1.0,30.0,10-03-2029,482.0,3.0,3.0,5.0,121.0,0.0,0.0,0.0,0.0,,,0.0,3.0,0.0,10383.0,295.0,70287.0,2.0,Divorced,27.64,3096.0,1.0,11.0,Graduation,,5.0
0.0,0.0,0.0,2.0,0.0,1.0,83.0,20-03-2029,14.0,7.0,2.0,0.0,7.0,1.0,0.0,0.0,,3.0,3.0,0.0,4.0,0.0,7386.0,17.0,30992.0,7.0,Divorced,108.33,3106.0,0.0,11.0,Graduation,3.0,1.0
0.0,,,37.0,0.0,,87.0,03-02-2029,629.0,6.0,4.0,5.0,,0.0,0.0,0.0,0.0,13.0,37.0,1.0,2.0,1.0,6977.0,1073.0,75702.0,,Together,23.04,3104.0,0.0,11.0,Graduation,3.0,10.0
0.0,,1.0,12.0,8.0,1.0,4.0,18-06-2029,12.0,,4.0,,8.0,1.0,0.0,0.0,0.0,4.0,8.0,,1.0,0.0,6310.0,,,4.0,Married,77.5,3108.0,0.0,11.0,Graduation,3.0,2.0
0.0,0.0,1.0,82.0,5.0,2.0,21.0,14-12-2028,71.0,7.0,0.0,2.0,21.0,0.0,0.0,0.0,0.0,7.0,16.0,1.0,3.0,0.0,5209.0,443.0,50002.0,6.0,Divorced,4.22,,0.0,11.0,Graduation,3.0,8.0
0.0,0.0,1.0,56.0,28.0,1.0,,11-12-2028,491.0,3.0,3.0,7.0,30.0,0.0,0.0,0.0,0.0,8.0,14.0,0.0,4.0,0.0,4507.0,631.0,72228.0,5.0,Single,51.23,3082.0,0.0,11.0,Graduation,3.0,6.0
0.0,0.0,1.0,,4.0,3.0,19.0,16-08-2028,4.0,7.0,,1.0,3.0,1.0,0.0,0.0,,3.0,,1.0,4.0,0.0,4415.0,10.0,16860.0,5.0,Married,17.2,3091.0,0.0,11.0,Graduation,3.0,1.0
0.0,0.0,2.0,1.0,2.0,3.0,77.0,05-06-2030,26.0,7.0,2.0,1.0,4.0,1.0,0.0,0.0,0.0,3.0,1.0,0.0,3.0,0.0,5287.0,,34961.0,5.0,Married,52.84,3103.0,0.0,11.0,,3.0,3.0
0.0,0.0,3.0,45.0,28.0,4.0,28.0,06-04-2029,136.0,3.0,2.0,4.0,32.0,0.0,0.0,0.0,0.0,6.0,3.0,1.0,2.0,0.0,7352.0,161.0,55267.0,9.0,Married,85.67,3087.0,0.0,11.0,Graduation,3.0,3.0
0.0,0.0,3.0,,,4.0,35.0,18-10-2029,61.0,8.0,,4.0,10.0,0.0,1.0,1.0,0.0,7.0,0.0,1.0,3.0,0.0,2570.0,691.0,56534.0,,Together,42.25,3098.0,1.0,11.0,Graduation,3.0,10.0
,0.0,1.0,39.0,9.0,1.0,23.0,07-06-2029,,,1.0,1.0,13.0,0.0,,0.0,0.0,2.0,2.0,0.0,4.0,0.0,1726.0,3.0,22585.0,4.0,Single,54.73,3100.0,1.0,11.0,Graduation,3.0,1.0
0.0,,2.0,17.0,17.0,7.0,28.0,28-04-2028,,7.0,1.0,11.0,93.0,,0.0,0.0,0.0,5.0,125.0,1.0,3.0,0.0,4299.0,1001.0,70971.0,3.0,Together,30.96,3090.0,1.0,11.0,Graduation,3.0,11.0
0.0,0.0,3.0,21.0,43.0,,29.0,09-10-2029,239.0,3.0,1.0,,128.0,0.0,0.0,0.0,0.0,12.0,76.0,1.0,3.0,0.0,3595.0,,77226.0,4.0,Together,46.5,3093.0,0.0,11.0,Graduation,3.0,6.0
0.0,,2.0,126.0,,1.0,73.0,09-09-2029,756.0,2.0,3.0,7.0,36.0,0.0,0.0,0.0,0.0,10.0,40.0,0.0,4.0,0.0,8690.0,399.0,86111.0,9.0,Married,34.1,3092.0,,11.0,Graduation,3.0,5.0
,0.0,1.0,18.0,5.0,2.0,10.0,04-07-2029,7.0,,1.0,0.0,0.0,1.0,0.0,0.0,0.0,3.0,18.0,0.0,5.0,0.0,11003.0,2.0,25130.0,,,85.18,3110.0,0.0,11.0,2n Cycle,3.0,2.0
0.0,0.0,1.0,,134.0,0.0,7.0,,786.0,1.0,2.0,6.0,33.0,0.0,0.0,0.0,0.0,8.0,134.0,0.0,3.0,,8318.0,594.0,,,Together,11.72,3109.0,0.0,11.0,Graduation,3.0,5.0
,0.0,2.0,14.0,4.0,1.0,,23-06-2028,19.0,8.0,3.0,,12.0,0.0,0.0,0.0,0.0,,6.0,0.0,3.0,0.0,2431.0,12.0,18222.0,1.0,Married,18.88,3120.0,0.0,11.0,Graduation,,2.0
,0.0,3.0,14.0,0.0,1.0,84.0,13-01-2030,8.0,6.0,1.0,1.0,2.0,1.0,0.0,0.0,0.0,2.0,0.0,1.0,3.0,0.0,8146.0,30.0,46106.0,4.0,Together,97.96,3106.0,0.0,11.0,,3.0,1.0
0.0,0.0,3.0,120.0,12.0,2.0,51.0,30-03-2029,54.0,5.0,3.0,4.0,16.0,0.0,0.0,0.0,0.0,7.0,6.0,1.0,1.0,0.0,4128.0,517.0,56067.0,5.0,Together,76.64,3092.0,0.0,11.0,PhD,3.0,7.0
0.0,0.0,3.0,4.0,1.0,,79.0,24-01-2029,6.0,8.0,1.0,,3.0,1.0,0.0,0.0,0.0,2.0,0.0,0.0,0.0,0.0,,9.0,24072.0,6.0,Single,,,0.0,11.0,,3.0,
0.0,1.0,4.0,61.0,17.0,3.0,99.0,12-12-2029,398.0,4.0,2.0,3.0,80.0,0.0,,,0.0,5.0,35.0,1.0,4.0,0.0,2415.0,362.0,62568.0,7.0,Together,76.67,3092.0,0.0,11.0,Graduation,3.0,5.0
0.0,0.0,2.0,34.0,,3.0,91.0,04-10-2029,87.0,5.0,2.0,2.0,12.0,0.0,0.0,0.0,0.0,8.0,14.0,2.0,3.0,0.0,10307.0,369.0,50387.0,2.0,Married,33.24,3086.0,0.0,11.0,,3.0,6.0
0.0,0.0,3.0,24.0,7.0,1.0,60.0,19-09-2029,19.0,7.0,3.0,1.0,0.0,1.0,0.0,0.0,0.0,2.0,,,4.0,0.0,5300.0,19.0,38961.0,,Married,3.71,3103.0,0.0,11.0,Master,3.0,2.0
0.0,0.0,5.0,,0.0,5.0,19.0,12-04-2029,101.0,7.0,2.0,4.0,0.0,1.0,0.0,,0.0,6.0,0.0,0.0,4.0,0.0,9215.0,378.0,43974.0,1.0,Married,94.73,3110.0,0.0,11.0,PhD,3.0,6.0
0.0,0.0,,83.0,53.0,3.0,11.0,,172.0,4.0,3.0,4.0,116.0,0.0,,0.0,0.0,9.0,77.0,1.0,4.0,0.0,8911.0,201.0,56320.0,9.0,Married,70.57,3097.0,0.0,11.0,,3.0,5.0
0.0,0.0,2.0,41.0,5.0,5.0,42.0,26-04-2029,47.0,8.0,3.0,1.0,0.0,1.0,0.0,0.0,0.0,6.0,5.0,1.0,2.0,0.0,433.0,534.0,61331.0,,Alone,54.49,3088.0,0.0,11.0,Master,3.0,11.0
0.0,0.0,2.0,119.0,7.0,7.0,41.0,01-02-2029,84.0,8.0,2.0,3.0,15.0,1.0,0.0,0.0,0.0,4.0,0.0,0.0,3.0,0.0,10581.0,281.0,41124.0,9.0,Married,69.02,3107.0,0.0,11.0,Graduation,3.0,
,1.0,1.0,40.0,26.0,1.0,,,360.0,3.0,0.0,9.0,138.0,0.0,0.0,0.0,0.0,5.0,31.0,0.0,,0.0,5278.0,307.0,82224.0,3.0,Married,35.96,3094.0,0.0,11.0,Graduation,3.0,6.0
0.0,0.0,0.0,150.0,69.0,3.0,4.0,01-04-2029,300.0,2.0,1.0,4.0,150.0,,0.0,0.0,,8.0,138.0,1.0,3.0,0.0,10177.0,531.0,72071.0,8.0,Divorced,117.72,,0.0,11.0,Graduation,3.0,5.0
0.0,0.0,1.0,,3.0,5.0,92.0,05-02-2029,180.0,7.0,2.0,,20.0,,0.0,0.0,,6.0,3.0,1.0,4.0,0.0,1916.0,188.0,45736.0,3.0,Married,57.04,3084.0,0.0,11.0,Master,3.0,7.0
0.0,,2.0,168.0,27.0,0.0,69.0,,102.0,2.0,2.0,8.0,44.0,0.0,0.0,1.0,0.0,13.0,72.0,0.0,2.0,1.0,7215.0,722.0,101970.0,1.0,,65.19,,1.0,11.0,Graduation,3.0,6.0
0.0,0.0,0.0,47.0,28.0,1.0,4.0,30-06-2029,520.0,1.0,0.0,8.0,111.0,0.0,,0.0,0.0,13.0,123.0,,3.0,0.0,9504.0,179.0,81698.0,6.0,Married,107.59,3079.0,1.0,11.0,Master,3.0,3.0
0.0,0.0,1.0,71.0,112.0,1.0,36.0,05-01-2030,420.0,4.0,2.0,3.0,0.0,,0.0,0.0,0.0,13.0,82.0,1.0,2.0,0.0,3859.0,410.0,73059.0,7.0,Together,13.74,,0.0,11.0,PhD,3.0,9.0
0.0,0.0,2.0,65.0,24.0,2.0,77.0,03-06-2030,230.0,4.0,3.0,4.0,32.0,0.0,0.0,0.0,0.0,12.0,24.0,1.0,3.0,0.0,6457.0,527.0,64892.0,7.0,Divorced,96.63,3106.0,0.0,11.0,Graduation,3.0,6.0
0.0,0.0,2.0,32.0,21.0,1.0,54.0,03-04-2030,311.0,,5.0,3.0,167.0,0.0,0.0,,0.0,4.0,75.0,0.0,4.0,,1628.0,354.0,,9.0,Together,,3101.0,0.0,11.0,Graduation,3.0,9.0
0.0,0.0,1.0,0.0,0.0,1.0,89.0,24-12-2029,46.0,4.0,2.0,1.0,4.0,1.0,,0.0,0.0,3.0,3.0,,4.0,0.0,10812.0,37.0,46377.0,1.0,,,3108.0,0.0,,PhD,3.0,2.0
0.0,0.0,2.0,241.0,92.0,1.0,94.0,16-05-2030,391.0,0.0,1.0,4.0,194.0,0.0,0.0,0.0,0.0,10.0,11.0,0.0,2.0,0.0,11074.0,494.0,85072.0,,Single,65.38,3107.0,,,Graduation,3.0,3.0
0.0,0.0,2.0,34.0,2.0,2.0,84.0,,10.0,4.0,1.0,2.0,6.0,1.0,0.0,,0.0,2.0,4.0,1.0,,0.0,,22.0,46831.0,5.0,,46.84,3099.0,,11.0,2n Cycle,3.0,1.0
0.0,0.0,2.0,2.0,0.0,1.0,83.0,10-04-2029,14.0,7.0,2.0,0.0,7.0,1.0,0.0,0.0,0.0,3.0,3.0,0.0,2.0,0.0,3006.0,17.0,30992.0,10.0,Divorced,19.93,3106.0,0.0,11.0,Graduation,3.0,1.0
0.0,0.0,0.0,130.0,54.0,,54.0,26-10-2029,348.0,2.0,1.0,4.0,71.0,0.0,0.0,0.0,0.0,8.0,54.0,0.0,3.0,0.0,2345.0,587.0,70038.0,3.0,Together,53.25,3112.0,0.0,11.0,PhD,3.0,
0.0,0.0,0.0,8.0,18.0,3.0,94.0,11-04-2028,33.0,9.0,3.0,0.0,24.0,1.0,0.0,0.0,0.0,3.0,1.0,1.0,2.0,0.0,,19.0,34487.0,6.0,Divorced,18.32,3107.0,0.0,11.0,PhD,,3.0
0.0,0.0,1.0,36.0,24.0,2.0,89.0,06-09-2029,230.0,3.0,0.0,4.0,16.0,0.0,0.0,1.0,0.0,6.0,24.0,1.0,,1.0,2909.0,934.0,78128.0,6.0,Married,119.68,3104.0,,11.0,PhD,3.0,8.0
0.0,1.0,2.0,118.0,178.0,1.0,32.0,24-05-2029,555.0,1.0,2.0,7.0,77.0,0.0,0.0,0.0,0.0,9.0,138.0,0.0,3.0,0.0,6421.0,1050.0,88347.0,8.0,Together,5.47,3091.0,0.0,11.0,Graduation,3.0,4.0
0.0,0.0,4.0,39.0,4.0,3.0,50.0,23-08-2030,34.0,5.0,2.0,1.0,6.0,0.0,0.0,1.0,0.0,7.0,4.0,1.0,2.0,0.0,7300.0,448.0,69142.0,6.0,Divorced,0.14,3082.0,0.0,11.0,Graduation,3.0,8.0
0.0,0.0,,65.0,106.0,4.0,56.0,,271.0,,2.0,4.0,75.0,0.0,0.0,0.0,0.0,12.0,98.0,,4.0,0.0,2683.0,295.0,52413.0,8.0,Married,44.96,,0.0,11.0,Graduation,3.0,6.0
0.0,0.0,3.0,73.0,59.0,7.0,90.0,05-02-2029,487.0,,2.0,5.0,58.0,1.0,0.0,0.0,0.0,5.0,29.0,2.0,4.0,0.0,1357.0,856.0,74854.0,9.0,Together,,3100.0,0.0,11.0,Graduation,3.0,
0.0,0.0,1.0,,0.0,,20.0,20-01-2029,184.0,7.0,1.0,,10.0,1.0,0.0,0.0,0.0,9.0,28.0,1.0,5.0,0.0,2408.0,,58597.0,7.0,Married,27.74,3106.0,0.0,11.0,Graduation,3.0,7.0
0.0,0.0,2.0,99.0,0.0,1.0,73.0,,224.0,2.0,2.0,3.0,119.0,0.0,0.0,0.0,0.0,4.0,49.0,0.0,3.0,0.0,143.0,466.0,61209.0,6.0,Single,68.78,3100.0,0.0,11.0,Graduation,,
0.0,0.0,1.0,8.0,6.0,1.0,82.0,06-04-2030,21.0,6.0,3.0,1.0,11.0,1.0,0.0,0.0,0.0,3.0,4.0,0.0,3.0,0.0,1998.0,34.0,37697.0,6.0,,87.33,3106.0,0.0,11.0,Graduation,3.0,2.0
0.0,0.0,0.0,16.0,16.0,1.0,,19-12-2028,11.0,8.0,2.0,0.0,11.0,0.0,0.0,,0.0,3.0,1.0,0.0,2.0,0.0,387.0,6.0,7500.0,8.0,Married,119.69,3106.0,0.0,11.0,Basic,3.0,2.0
,1.0,2.0,55.0,37.0,1.0,8.0,23-09-2029,592.0,,1.0,5.0,145.0,0.0,0.0,,0.0,8.0,37.0,0.0,4.0,0.0,10949.0,1092.0,72968.0,10.0,Divorced,28.18,3093.0,,,PhD,3.0,5.0
0.0,,1.0,4.0,5.0,3.0,51.0,14-05-2029,19.0,8.0,2.0,0.0,2.0,1.0,0.0,0.0,0.0,3.0,,1.0,2.0,0.0,9736.0,53.0,41850.0,2.0,Married,104.92,3110.0,0.0,11.0,Graduation,3.0,3.0
0.0,0.0,1.0,92.0,20.0,3.0,27.0,26-01-2029,204.0,8.0,0.0,2.0,0.0,0.0,0.0,,0.0,11.0,0.0,1.0,4.0,0.0,709.0,787.0,51537.0,7.0,Divorced,49.9,3082.0,0.0,,Graduation,3.0,2.0
0.0,0.0,1.0,2.0,,1.0,50.0,14-10-2029,11.0,7.0,2.0,0.0,0.0,1.0,0.0,0.0,0.0,3.0,4.0,0.0,3.0,0.0,10708.0,10.0,36975.0,9.0,Single,91.07,3108.0,0.0,11.0,2n Cycle,3.0,1.0
0.0,0.0,0.0,11.0,3.0,1.0,78.0,20-04-2029,,7.0,2.0,0.0,0.0,1.0,0.0,0.0,0.0,,0.0,0.0,2.0,0.0,6634.0,22.0,33462.0,3.0,Divorced,29.33,3109.0,,11.0,Master,3.0,2.0
0.0,0.0,2.0,84.0,42.0,1.0,89.0,28-09-2029,742.0,2.0,1.0,10.0,,0.0,0.0,,0.0,5.0,56.0,0.0,5.0,0.0,6974.0,518.0,,5.0,Together,13.35,3102.0,0.0,11.0,PhD,3.0,6.0
0.0,0.0,2.0,33.0,80.0,5.0,54.0,14-04-2029,161.0,6.0,3.0,7.0,120.0,0.0,,0.0,0.0,10.0,,1.0,4.0,0.0,8985.0,806.0,68316.0,,,,3094.0,0.0,11.0,2n Cycle,3.0,10.0
0.0,0.0,3.0,45.0,51.0,1.0,36.0,11-05-2030,270.0,1.0,3.0,3.0,101.0,0.0,0.0,0.0,0.0,5.0,0.0,0.0,2.0,0.0,7718.0,244.0,,1.0,Together,36.17,3077.0,0.0,11.0,Master,3.0,1.0
0.0,0.0,0.0,65.0,35.0,2.0,76.0,,179.0,7.0,,3.0,46.0,0.0,0.0,0.0,0.0,7.0,59.0,1.0,,0.0,591.0,293.0,,5.0,Widow,18.1,3087.0,0.0,,Graduation,,8.0
0.0,0.0,1.0,2.0,1.0,3.0,33.0,12-02-2029,,8.0,2.0,0.0,3.0,1.0,0.0,0.0,0.0,3.0,3.0,1.0,1.0,0.0,2868.0,20.0,26518.0,5.0,Single,48.5,3079.0,1.0,11.0,PhD,3.0,2.0
0.0,,1.0,28.0,10.0,,74.0,27-12-2028,34.0,6.0,4.0,1.0,11.0,1.0,0.0,0.0,0.0,4.0,10.0,1.0,2.0,0.0,7514.0,84.0,54342.0,8.0,Together,,3086.0,0.0,11.0,,3.0,
0.0,,1.0,27.0,61.0,1.0,45.0,25-02-2029,753.0,2.0,2.0,,40.0,0.0,0.0,0.0,0.0,7.0,46.0,0.0,3.0,0.0,2181.0,353.0,70617.0,7.0,Married,114.85,3100.0,0.0,11.0,Graduation,3.0,
0.0,0.0,2.0,27.0,50.0,1.0,56.0,05-09-2029,100.0,4.0,5.0,2.0,55.0,0.0,,0.0,,8.0,30.0,1.0,2.0,0.0,9964.0,162.0,61825.0,3.0,Single,61.27,3109.0,0.0,11.0,Graduation,,4.0
0.0,0.0,1.0,162.0,,2.0,56.0,09-09-2028,224.0,5.0,3.0,4.0,101.0,0.0,,0.0,0.0,10.0,92.0,0.0,2.0,0.0,3445.0,216.0,,1.0,Single,94.18,3086.0,1.0,11.0,Graduation,3.0,7.0
,0.0,0.0,32.0,,7.0,94.0,25-08-2028,90.0,8.0,2.0,1.0,12.0,2.0,0.0,0.0,0.0,4.0,1.0,1.0,2.0,,3310.0,73.0,35688.0,10.0,Married,107.45,3103.0,0.0,,2n Cycle,3.0,4.0
0.0,1.0,0.0,44.0,,1.0,73.0,29-10-2028,117.0,4.0,2.0,5.0,179.0,0.0,0.0,0.0,,4.0,28.0,0.0,1.0,0.0,4122.0,504.0,79205.0,7.0,Married,27.77,3105.0,1.0,,Graduation,,
0.0,0.0,2.0,14.0,44.0,1.0,42.0,15-09-2028,561.0,3.0,2.0,6.0,,0.0,0.0,0.0,0.0,,44.0,0.0,4.0,,6320.0,768.0,70893.0,10.0,Single,25.42,3106.0,0.0,11.0,Master,3.0,6.0
0.0,0.0,1.0,10.0,3.0,1.0,14.0,05-02-2029,14.0,9.0,2.0,1.0,15.0,0.0,,0.0,0.0,2.0,21.0,0.0,2.0,0.0,7042.0,3.0,,1.0,Married,47.07,3113.0,1.0,11.0,Graduation,3.0,2.0
0.0,0.0,1.0,39.0,2.0,5.0,,16-06-2029,31.0,8.0,5.0,2.0,0.0,0.0,0.0,0.0,0.0,4.0,2.0,1.0,4.0,0.0,6374.0,223.0,36930.0,5.0,Married,103.07,3084.0,0.0,11.0,PhD,3.0,5.0
0.0,0.0,2.0,4.0,,5.0,49.0,01-09-2028,16.0,9.0,1.0,1.0,0.0,1.0,0.0,0.0,,4.0,0.0,1.0,4.0,0.0,8876.0,132.0,33629.0,,Together,12.96,,0.0,11.0,PhD,3.0,3.0
0.0,0.0,0.0,4.0,1.0,2.0,79.0,03-01-2030,11.0,3.0,6.0,,0.0,1.0,0.0,0.0,0.0,3.0,1.0,1.0,2.0,0.0,2461.0,26.0,51124.0,6.0,Single,84.46,3085.0,0.0,11.0,Master,3.0,
0.0,,,11.0,3.0,5.0,61.0,05-10-2029,,6.0,3.0,2.0,4.0,0.0,0.0,0.0,,5.0,,1.0,3.0,0.0,4480.0,365.0,60432.0,1.0,Married,38.27,,0.0,11.0,Master,3.0,7.0
0.0,,4.0,7.0,,3.0,33.0,10-06-2028,12.0,7.0,1.0,0.0,7.0,1.0,0.0,0.0,0.0,3.0,,1.0,3.0,0.0,2154.0,15.0,30372.0,9.0,Widow,,3101.0,0.0,11.0,Graduation,,2.0
0.0,0.0,0.0,30.0,11.0,1.0,0.0,06-02-2030,,2.0,1.0,2.0,15.0,,0.0,0.0,0.0,5.0,2.0,1.0,4.0,,10476.0,134.0,67267.0,5.0,Married,71.56,3088.0,0.0,11.0,Graduation,3.0,3.0
0.0,0.0,1.0,8.0,13.0,1.0,,27-12-2028,18.0,3.0,2.0,1.0,10.0,0.0,0.0,0.0,0.0,3.0,7.0,,4.0,0.0,6116.0,19.0,48985.0,6.0,Married,66.59,3098.0,0.0,11.0,2n Cycle,,1.0
0.0,,1.0,24.0,43.0,1.0,81.0,08-05-2029,,7.0,3.0,2.0,37.0,0.0,0.0,,0.0,7.0,14.0,1.0,5.0,0.0,6257.0,,60482.0,6.0,Single,72.68,3106.0,0.0,11.0,Master,3.0,7.0
0.0,0.0,1.0,66.0,,6.0,80.0,18-07-2028,69.0,7.0,1.0,1.0,84.0,1.0,0.0,0.0,0.0,,41.0,0.0,3.0,0.0,4271.0,46.0,38683.0,3.0,Together,98.43,3119.0,0.0,11.0,2n Cycle,3.0,4.0
0.0,0.0,2.0,3.0,0.0,3.0,20.0,26-09-2030,,5.0,2.0,0.0,0.0,1.0,0.0,,0.0,,0.0,1.0,2.0,,5313.0,30.0,38196.0,8.0,Married,51.21,3101.0,0.0,11.0,Master,3.0,2.0
0.0,0.0,0.0,0.0,1.0,1.0,63.0,05-08-2029,31.0,2.0,1.0,1.0,2.0,0.0,0.0,0.0,0.0,5.0,1.0,1.0,,0.0,5723.0,81.0,49187.0,9.0,Together,37.1,3106.0,0.0,11.0,PhD,3.0,1.0
0.0,0.0,1.0,12.0,8.0,2.0,91.0,23-09-2030,18.0,5.0,3.0,1.0,19.0,1.0,0.0,0.0,0.0,4.0,8.0,0.0,3.0,,1833.0,68.0,39190.0,6.0,Single,103.26,3104.0,0.0,11.0,PhD,3.0,2.0
0.0,0.0,3.0,2.0,0.0,2.0,31.0,26-03-2030,2.0,6.0,2.0,0.0,0.0,1.0,0.0,0.0,1.0,,0.0,1.0,3.0,0.0,255.0,17.0,22263.0,3.0,Divorced,,3081.0,0.0,11.0,Graduation,3.0,1.0
0.0,0.0,1.0,3.0,6.0,1.0,18.0,14-05-2030,2.0,7.0,,0.0,3.0,1.0,0.0,0.0,0.0,3.0,6.0,0.0,3.0,0.0,11086.0,1.0,25707.0,6.0,Single,49.18,3114.0,0.0,11.0,Basic,3.0,1.0
0.0,0.0,1.0,1.0,0.0,1.0,60.0,07-04-2029,,5.0,5.0,0.0,2.0,1.0,0.0,0.0,0.0,,0.0,1.0,4.0,0.0,891.0,6.0,29298.0,3.0,Together,45.97,3081.0,0.0,11.0,Master,3.0,1.0
1.0,0.0,2.0,119.0,24.0,0.0,9.0,13-04-2030,,1.0,4.0,10.0,51.0,,0.0,0.0,0.0,5.0,19.0,0.0,4.0,1.0,10909.0,992.0,92344.0,4.0,Married,39.74,3078.0,,11.0,Graduation,3.0,5.0
0.0,0.0,2.0,32.0,96.0,1.0,78.0,16-04-2028,447.0,3.0,4.0,7.0,220.0,0.0,0.0,0.0,0.0,6.0,96.0,0.0,2.0,0.0,5120.0,398.0,66664.0,2.0,Together,115.97,3112.0,0.0,11.0,2n Cycle,3.0,5.0
,0.0,0.0,,105.0,1.0,52.0,05-01-2029,239.0,,0.0,3.0,237.0,0.0,0.0,0.0,0.0,4.0,172.0,0.0,,,1077.0,,56715.0,5.0,Together,110.2,3104.0,0.0,11.0,Graduation,3.0,7.0
0.0,0.0,2.0,,23.0,2.0,89.0,11-10-2028,78.0,,6.0,2.0,133.0,0.0,0.0,0.0,0.0,5.0,49.0,0.0,3.0,0.0,5043.0,7.0,26997.0,5.0,Married,64.9,3081.0,0.0,11.0,Basic,,4.0
0.0,0.0,,,10.0,1.0,4.0,,30.0,6.0,1.0,1.0,,0.0,0.0,0.0,,6.0,10.0,0.0,3.0,0.0,10832.0,288.0,46610.0,6.0,Together,105.5,3088.0,0.0,11.0,Graduation,3.0,6.0
0.0,0.0,3.0,20.0,4.0,1.0,71.0,23-08-2029,66.0,7.0,3.0,1.0,3.0,0.0,0.0,0.0,0.0,4.0,10.0,,2.0,0.0,8175.0,34.0,34935.0,9.0,Married,68.39,3122.0,0.0,11.0,Graduation,3.0,2.0
0.0,0.0,3.0,26.0,,1.0,85.0,17-05-2029,131.0,7.0,7.0,,8.0,0.0,0.0,,0.0,6.0,0.0,0.0,3.0,0.0,6605.0,504.0,55614.0,5.0,Divorced,8.93,3074.0,0.0,11.0,PhD,3.0,
,0.0,,8.0,0.0,1.0,,20-02-2029,4.0,6.0,2.0,1.0,0.0,1.0,0.0,0.0,,2.0,,0.0,3.0,0.0,6958.0,14.0,27889.0,6.0,Married,54.69,3107.0,0.0,11.0,,3.0,1.0
0.0,0.0,2.0,66.0,33.0,1.0,73.0,24-07-2028,216.0,6.0,3.0,4.0,0.0,0.0,0.0,1.0,0.0,9.0,33.0,0.0,4.0,1.0,4943.0,1379.0,70503.0,,Married,38.52,3083.0,0.0,11.0,,,2.0
0.0,0.0,0.0,4.0,1.0,1.0,5.0,26-05-2029,5.0,7.0,1.0,0.0,2.0,1.0,0.0,0.0,0.0,2.0,0.0,0.0,4.0,0.0,2261.0,4.0,,9.0,Married,116.71,3099.0,0.0,11.0,Graduation,3.0,1.0
0.0,1.0,1.0,53.0,80.0,1.0,60.0,25-05-2029,553.0,2.0,4.0,10.0,123.0,0.0,0.0,0.0,0.0,7.0,94.0,0.0,2.0,0.0,8537.0,526.0,,7.0,Widow,80.69,3079.0,1.0,11.0,Graduation,3.0,3.0
0.0,0.0,1.0,18.0,2.0,4.0,96.0,03-05-2029,,5.0,0.0,1.0,,2.0,0.0,0.0,0.0,3.0,,0.0,2.0,,10262.0,,15072.0,6.0,Married,4.83,,0.0,11.0,Graduation,,3.0
1.0,0.0,0.0,29.0,13.0,3.0,87.0,01-02-2029,,8.0,2.0,4.0,8.0,0.0,0.0,0.0,0.0,5.0,6.0,,4.0,0.0,1118.0,544.0,50965.0,10.0,Married,52.61,3086.0,0.0,11.0,Master,3.0,10.0
,0.0,2.0,71.0,112.0,1.0,36.0,02-02-2030,420.0,4.0,1.0,3.0,0.0,0.0,0.0,0.0,0.0,,,1.0,2.0,0.0,3867.0,410.0,73059.0,,Together,15.85,3077.0,0.0,,PhD,3.0,9.0
0.0,0.0,2.0,116.0,37.0,8.0,80.0,06-06-2028,64.0,7.0,2.0,3.0,,1.0,0.0,0.0,0.0,6.0,34.0,0.0,3.0,0.0,4095.0,167.0,37150.0,1.0,,92.9,3101.0,0.0,,Graduation,3.0,4.0
0.0,0.0,2.0,33.0,16.0,2.0,20.0,28-11-2028,249.0,6.0,3.0,6.0,43.0,0.0,0.0,0.0,0.0,9.0,16.0,0.0,3.0,0.0,9260.0,1349.0,70356.0,8.0,,108.0,3075.0,0.0,11.0,PhD,3.0,10.0
,0.0,,91.0,,5.0,39.0,21-02-2029,,5.0,4.0,,4.0,0.0,0.0,0.0,0.0,8.0,0.0,,4.0,0.0,4201.0,229.0,57967.0,5.0,Single,90.08,3092.0,0.0,11.0,Graduation,3.0,4.0
0.0,0.0,1.0,,21.0,3.0,95.0,27-04-2029,,5.0,4.0,3.0,102.0,0.0,0.0,0.0,0.0,10.0,,1.0,4.0,0.0,5847.0,,69901.0,7.0,Divorced,67.88,3099.0,0.0,11.0,Graduation,3.0,7.0
,0.0,2.0,42.0,8.0,4.0,,15-02-2029,223.0,8.0,2.0,5.0,32.0,0.0,0.0,0.0,0.0,,49.0,1.0,3.0,0.0,9323.0,520.0,,5.0,Together,119.02,3079.0,1.0,11.0,Master,3.0,10.0
0.0,0.0,2.0,83.0,129.0,5.0,13.0,15-06-2030,259.0,,2.0,3.0,168.0,0.0,0.0,0.0,0.0,12.0,121.0,1.0,4.0,0.0,5156.0,129.0,62466.0,9.0,Married,26.93,3100.0,0.0,11.0,2n Cycle,3.0,6.0
0.0,0.0,2.0,6.0,,2.0,64.0,03-10-2029,17.0,6.0,3.0,1.0,0.0,0.0,0.0,0.0,,3.0,0.0,1.0,3.0,0.0,,70.0,40760.0,4.0,Single,42.61,3095.0,0.0,11.0,PhD,3.0,2.0
0.0,,1.0,,12.0,,27.0,29-04-2029,144.0,5.0,0.0,4.0,0.0,,1.0,1.0,0.0,8.0,0.0,1.0,2.0,0.0,2574.0,1050.0,61996.0,7.0,Married,86.9,,1.0,11.0,PhD,3.0,6.0
0.0,,1.0,,22.0,1.0,1.0,19-08-2029,112.0,1.0,3.0,3.0,138.0,0.0,0.0,0.0,0.0,13.0,89.0,0.0,1.0,0.0,2681.0,71.0,65370.0,1.0,Married,,3114.0,0.0,11.0,2n Cycle,,
1.0,0.0,0.0,93.0,80.0,2.0,93.0,05-04-2029,455.0,4.0,2.0,4.0,52.0,1.0,0.0,0.0,,8.0,107.0,0.0,3.0,1.0,175.0,656.0,71952.0,6.0,Married,109.65,3116.0,0.0,,Graduation,3.0,8.0
,0.0,,24.0,48.0,1.0,91.0,17-07-2029,217.0,6.0,1.0,3.0,32.0,0.0,0.0,1.0,0.0,13.0,12.0,0.0,3.0,0.0,7270.0,,56981.0,6.0,Divorced,51.07,3111.0,,11.0,Graduation,3.0,2.0
,0.0,0.0,,147.0,1.0,35.0,12-06-2030,509.0,,2.0,5.0,104.0,0.0,0.0,0.0,0.0,12.0,,,2.0,1.0,10129.0,482.0,82427.0,4.0,Together,85.51,3096.0,0.0,11.0,Graduation,3.0,3.0
0.0,0.0,0.0,1.0,0.0,1.0,19.0,25-06-2028,4.0,,3.0,0.0,0.0,1.0,0.0,,0.0,2.0,0.0,1.0,1.0,0.0,3525.0,12.0,38200.0,,Together,53.05,3100.0,0.0,11.0,Graduation,3.0,1.0
0.0,0.0,,29.0,11.0,5.0,98.0,30-10-2029,,9.0,2.0,,,0.0,0.0,0.0,0.0,6.0,5.0,1.0,2.0,0.0,2320.0,508.0,47025.0,6.0,Married,37.69,3108.0,0.0,11.0,2n Cycle,3.0,11.0
0.0,,2.0,13.0,10.0,2.0,60.0,05-05-2030,17.0,7.0,1.0,0.0,8.0,1.0,0.0,0.0,,3.0,6.0,1.0,2.0,0.0,8418.0,7.0,,8.0,Single,42.73,3088.0,0.0,,2n Cycle,3.0,2.0
0.0,0.0,1.0,7.0,1.0,4.0,80.0,29-03-2029,25.0,6.0,2.0,,0.0,1.0,0.0,0.0,0.0,3.0,8.0,1.0,3.0,0.0,2488.0,23.0,31395.0,5.0,Divorced,69.86,3086.0,0.0,11.0,2n Cycle,3.0,2.0
0.0,0.0,1.0,21.0,,2.0,89.0,09-12-2028,27.0,7.0,0.0,1.0,13.0,0.0,0.0,0.0,0.0,4.0,13.0,1.0,4.0,,8212.0,85.0,39791.0,9.0,Married,,,0.0,11.0,Master,,
0.0,0.0,2.0,15.0,0.0,3.0,23.0,10-02-2029,27.0,6.0,0.0,1.0,10.0,0.0,0.0,0.0,0.0,7.0,0.0,1.0,3.0,0.0,2782.0,,54456.0,4.0,Married,62.53,3091.0,0.0,11.0,PhD,3.0,6.0
0.0,0.0,0.0,,0.0,3.0,,01-01-2029,18.0,7.0,3.0,1.0,0.0,0.0,0.0,1.0,,6.0,0.0,1.0,3.0,0.0,8773.0,280.0,57420.0,6.0,Together,24.43,3101.0,,11.0,Master,3.0,5.0
,0.0,0.0,,100.0,1.0,67.0,02-11-2029,835.0,2.0,0.0,5.0,65.0,0.0,0.0,0.0,0.0,,83.0,0.0,3.0,0.0,5113.0,584.0,86979.0,5.0,Divorced,94.26,3101.0,1.0,,,3.0,5.0
0.0,0.0,4.0,54.0,43.0,3.0,63.0,06-10-2029,337.0,6.0,1.0,6.0,42.0,0.0,0.0,0.0,0.0,9.0,87.0,,3.0,0.0,3056.0,587.0,63693.0,3.0,Divorced,74.01,3108.0,0.0,11.0,Graduation,3.0,
0.0,0.0,1.0,28.0,65.0,3.0,61.0,29-12-2028,52.0,5.0,2.0,2.0,10.0,0.0,0.0,0.0,0.0,6.0,44.0,1.0,2.0,0.0,368.0,91.0,,9.0,Married,95.1,3104.0,0.0,11.0,Graduation,3.0,3.0
0.0,0.0,1.0,5.0,11.0,4.0,30.0,01-01-2029,114.0,5.0,0.0,,15.0,,0.0,0.0,0.0,7.0,14.0,1.0,3.0,0.0,7873.0,141.0,63516.0,5.0,Together,,3103.0,0.0,11.0,PhD,3.0,4.0
0.0,0.0,0.0,0.0,10.0,1.0,71.0,10-09-2030,3.0,2.0,2.0,0.0,3.0,0.0,0.0,,0.0,3.0,5.0,1.0,2.0,0.0,4796.0,18.0,49638.0,9.0,Divorced,108.3,3082.0,0.0,11.0,Graduation,3.0,1.0
,0.0,,134.0,48.0,2.0,36.0,31-07-2029,231.0,1.0,,7.0,112.0,0.0,0.0,,0.0,12.0,105.0,1.0,5.0,1.0,9206.0,491.0,77382.0,,Together,32.27,3098.0,0.0,11.0,Graduation,3.0,5.0
0.0,0.0,2.0,8.0,33.0,4.0,95.0,30-10-2029,255.0,,2.0,,11.0,0.0,0.0,0.0,0.0,9.0,33.0,1.0,4.0,0.0,2579.0,495.0,71113.0,7.0,Married,90.36,3087.0,0.0,11.0,Graduation,3.0,
0.0,0.0,1.0,142.0,0.0,2.0,65.0,,92.0,4.0,4.0,2.0,28.0,0.0,0.0,0.0,0.0,9.0,27.0,1.0,2.0,0.0,,,54803.0,1.0,Single,24.13,3099.0,0.0,11.0,Graduation,,6.0
0.0,0.0,2.0,8.0,5.0,2.0,10.0,05-12-2029,24.0,5.0,1.0,0.0,6.0,1.0,0.0,,0.0,4.0,3.0,,4.0,0.0,7628.0,30.0,43050.0,2.0,Married,93.53,,0.0,11.0,2n Cycle,3.0,2.0
0.0,0.0,1.0,10.0,7.0,3.0,1.0,,80.0,6.0,4.0,1.0,13.0,1.0,0.0,0.0,0.0,5.0,7.0,,2.0,0.0,8890.0,155.0,65808.0,10.0,Divorced,45.49,3101.0,0.0,,PhD,3.0,5.0
0.0,0.0,2.0,127.0,140.0,1.0,18.0,04-03-2029,599.0,6.0,2.0,5.0,34.0,0.0,0.0,0.0,0.0,7.0,12.0,0.0,2.0,,6409.0,267.0,57136.0,,Divorced,116.15,3097.0,1.0,,Graduation,3.0,7.0
0.0,1.0,3.0,45.0,68.0,,16.0,02-10-2029,731.0,2.0,3.0,7.0,89.0,0.0,0.0,1.0,0.0,12.0,114.0,0.0,4.0,1.0,10133.0,1302.0,,8.0,Single,101.09,3100.0,1.0,11.0,Graduation,3.0,6.0
0.0,0.0,1.0,20.0,,1.0,55.0,26-05-2029,10.0,6.0,4.0,1.0,0.0,1.0,0.0,0.0,0.0,2.0,2.0,1.0,3.0,0.0,10691.0,11.0,28520.0,9.0,Married,65.7,3090.0,0.0,11.0,Master,,1.0
0.0,0.0,4.0,7.0,9.0,1.0,79.0,,39.0,2.0,3.0,2.0,,0.0,0.0,0.0,0.0,,,1.0,2.0,0.0,771.0,135.0,54178.0,3.0,Together,76.76,3097.0,0.0,11.0,Graduation,3.0,2.0
0.0,0.0,0.0,,,3.0,48.0,16-06-2028,,6.0,5.0,3.0,13.0,0.0,0.0,,0.0,5.0,10.0,1.0,4.0,0.0,309.0,918.0,63342.0,9.0,Together,58.6,3091.0,0.0,11.0,PhD,3.0,8.0
1.0,1.0,0.0,241.0,120.0,1.0,54.0,15-01-2030,550.0,1.0,3.0,9.0,156.0,0.0,0.0,0.0,0.0,7.0,40.0,0.0,3.0,0.0,2225.0,510.0,82582.0,2.0,Divorced,58.07,3107.0,1.0,11.0,Graduation,3.0,4.0
0.0,0.0,0.0,3.0,1.0,1.0,65.0,16-11-2028,8.0,8.0,,0.0,4.0,1.0,0.0,0.0,0.0,2.0,3.0,0.0,2.0,0.0,1606.0,,38590.0,2.0,Together,81.61,,0.0,11.0,Graduation,,1.0
0.0,0.0,1.0,7.0,7.0,2.0,86.0,08-07-2029,99.0,4.0,0.0,,10.0,0.0,0.0,0.0,,12.0,22.0,1.0,2.0,0.0,2304.0,625.0,66313.0,1.0,Together,,3093.0,0.0,11.0,PhD,3.0,6.0
0.0,0.0,1.0,40.0,11.0,2.0,71.0,02-06-2029,24.0,6.0,2.0,0.0,13.0,1.0,0.0,0.0,0.0,4.0,8.0,,2.0,0.0,7761.0,13.0,38702.0,3.0,Together,114.63,3108.0,0.0,11.0,2n Cycle,3.0,3.0
,0.0,2.0,7.0,12.0,1.0,1.0,04-02-2030,9.0,7.0,2.0,0.0,0.0,0.0,0.0,0.0,0.0,3.0,14.0,0.0,2.0,0.0,3068.0,1.0,18351.0,5.0,Married,114.84,3120.0,0.0,11.0,Graduation,3.0,2.0
0.0,0.0,1.0,,97.0,1.0,6.0,16-02-2028,291.0,6.0,,5.0,127.0,0.0,0.0,0.0,0.0,12.0,,,3.0,0.0,1911.0,595.0,67430.0,6.0,Together,89.12,3117.0,0.0,11.0,Graduation,3.0,11.0
0.0,0.0,1.0,6.0,0.0,1.0,37.0,12-02-2029,1.0,7.0,1.0,0.0,7.0,1.0,0.0,0.0,0.0,2.0,4.0,0.0,5.0,0.0,6516.0,0.0,,4.0,Married,61.59,3119.0,0.0,11.0,Basic,,1.0
,0.0,3.0,3.0,4.0,3.0,2.0,,22.0,8.0,0.0,0.0,3.0,1.0,0.0,0.0,0.0,3.0,3.0,1.0,5.0,0.0,9080.0,38.0,38578.0,2.0,Single,35.12,3102.0,,11.0,PhD,3.0,3.0
0.0,1.0,1.0,42.0,28.0,3.0,22.0,10-05-2029,211.0,5.0,1.0,3.0,37.0,1.0,0.0,1.0,0.0,4.0,28.0,1.0,2.0,1.0,10430.0,1126.0,89694.0,7.0,,11.47,,0.0,11.0,Graduation,3.0,4.0
0.0,0.0,0.0,4.0,4.0,3.0,63.0,22-01-2028,34.0,,2.0,0.0,2.0,1.0,0.0,0.0,0.0,3.0,4.0,1.0,3.0,0.0,10542.0,,,2.0,Married,59.1,3098.0,0.0,11.0,PhD,3.0,3.0
,,1.0,117.0,108.0,1.0,68.0,27-06-2030,334.0,2.0,0.0,3.0,65.0,0.0,0.0,,0.0,5.0,92.0,,,0.0,,251.0,66294.0,3.0,Single,71.12,3095.0,0.0,11.0,Graduation,3.0,4.0
0.0,1.0,2.0,34.0,,1.0,29.0,26-11-2029,388.0,,3.0,7.0,104.0,0.0,0.0,0.0,0.0,10.0,22.0,,3.0,0.0,1277.0,434.0,78468.0,3.0,Together,4.66,,0.0,11.0,Graduation,3.0,10.0
0.0,0.0,1.0,9.0,0.0,3.0,40.0,11-11-2029,11.0,8.0,3.0,0.0,0.0,1.0,0.0,0.0,0.0,3.0,0.0,1.0,3.0,0.0,8147.0,28.0,31454.0,10.0,Married,81.56,3090.0,0.0,11.0,,3.0,2.0
0.0,1.0,,42.0,21.0,1.0,,26-10-2029,,2.0,3.0,5.0,110.0,0.0,0.0,0.0,0.0,11.0,147.0,0.0,1.0,,9349.0,693.0,92533.0,9.0,Married,115.03,3115.0,0.0,11.0,Graduation,3.0,6.0
0.0,0.0,3.0,,56.0,1.0,79.0,02-09-2028,449.0,1.0,3.0,2.0,86.0,0.0,0.0,0.0,0.0,11.0,33.0,0.0,,0.0,375.0,516.0,76773.0,7.0,Divorced,70.51,3084.0,0.0,,Graduation,3.0,2.0
0.0,0.0,2.0,37.0,5.0,2.0,46.0,18-06-2030,39.0,7.0,0.0,0.0,17.0,1.0,0.0,0.0,0.0,,15.0,0.0,2.0,0.0,2815.0,7.0,33183.0,10.0,Married,78.07,3105.0,0.0,11.0,Graduation,3.0,
0.0,0.0,1.0,12.0,12.0,5.0,55.0,07-06-2028,375.0,6.0,4.0,6.0,16.0,0.0,0.0,0.0,0.0,5.0,,1.0,2.0,,,799.0,62220.0,1.0,,100.19,3102.0,1.0,11.0,PhD,,
,0.0,1.0,50.0,64.0,2.0,,18-06-2028,128.0,3.0,2.0,3.0,65.0,1.0,0.0,0.0,0.0,6.0,3.0,0.0,4.0,0.0,9478.0,91.0,66503.0,8.0,,22.48,3115.0,0.0,11.0,Graduation,3.0,4.0
,0.0,1.0,6.0,0.0,1.0,64.0,30-07-2028,6.0,7.0,1.0,0.0,6.0,,0.0,0.0,0.0,3.0,2.0,0.0,4.0,0.0,5393.0,22.0,23763.0,1.0,,68.74,3107.0,0.0,11.0,Graduation,3.0,
0.0,0.0,3.0,15.0,0.0,4.0,,,280.0,6.0,1.0,2.0,60.0,1.0,0.0,0.0,0.0,11.0,147.0,0.0,5.0,0.0,843.0,303.0,64722.0,6.0,Married,,,0.0,11.0,Graduation,3.0,
0.0,0.0,0.0,3.0,2.0,0.0,9.0,15-05-2030,3.0,1.0,3.0,0.0,1.0,0.0,,0.0,0.0,0.0,262.0,0.0,3.0,0.0,4619.0,6.0,113734.0,4.0,Single,63.85,3075.0,,11.0,PhD,3.0,27.0
0.0,0.0,4.0,5.0,1.0,3.0,92.0,15-08-2028,14.0,8.0,1.0,0.0,0.0,,0.0,0.0,1.0,3.0,0.0,1.0,2.0,0.0,9916.0,34.0,38998.0,3.0,,104.09,3084.0,0.0,11.0,Graduation,3.0,
0.0,,5.0,,71.0,3.0,,01-09-2028,243.0,9.0,2.0,,108.0,0.0,0.0,0.0,0.0,8.0,94.0,,,0.0,3766.0,100.0,33051.0,1.0,Widow,86.01,3089.0,1.0,11.0,Master,3.0,9.0
,0.0,3.0,44.0,34.0,3.0,97.0,24-07-2029,62.0,9.0,0.0,0.0,11.0,1.0,0.0,0.0,0.0,4.0,14.0,,3.0,0.0,3032.0,,24570.0,3.0,Married,,3114.0,0.0,11.0,Graduation,3.0,4.0
,0.0,1.0,3.0,0.0,3.0,39.0,02-10-2028,17.0,9.0,1.0,0.0,0.0,1.0,,0.0,0.0,,0.0,1.0,5.0,,6197.0,37.0,,,Single,57.87,3092.0,0.0,11.0,PhD,3.0,3.0
,0.0,2.0,12.0,0.0,1.0,42.0,24-06-2030,,2.0,2.0,4.0,99.0,0.0,0.0,0.0,0.0,9.0,21.0,0.0,3.0,0.0,5303.0,,79632.0,8.0,Together,,3104.0,0.0,11.0,PhD,3.0,6.0
,0.0,0.0,109.0,,7.0,57.0,19-06-2029,124.0,3.0,1.0,2.0,12.0,1.0,0.0,0.0,0.0,10.0,,1.0,4.0,0.0,9381.0,328.0,66373.0,8.0,Married,97.69,3108.0,0.0,11.0,Graduation,3.0,4.0
0.0,,,291.0,4.0,0.0,92.0,19-04-2030,33.0,0.0,,1.0,,0.0,0.0,0.0,0.0,,,2.0,6.0,0.0,6237.0,81.0,7144.0,2.0,Single,3.55,3096.0,0.0,11.0,,3.0,23.0
0.0,0.0,1.0,22.0,148.0,1.0,8.0,07-04-2030,228.0,2.0,,8.0,15.0,0.0,,0.0,0.0,13.0,148.0,,3.0,0.0,9930.0,,82716.0,10.0,Single,86.89,3074.0,0.0,11.0,PhD,3.0,6.0
0.0,0.0,,5.0,0.0,2.0,28.0,24-05-2030,22.0,5.0,0.0,0.0,2.0,1.0,0.0,0.0,0.0,4.0,3.0,0.0,3.0,0.0,498.0,,30015.0,10.0,Single,89.14,3100.0,,,Graduation,,1.0
0.0,0.0,1.0,100.0,56.0,4.0,83.0,,139.0,4.0,0.0,3.0,51.0,,0.0,0.0,0.0,8.0,8.0,0.0,3.0,0.0,6376.0,191.0,57537.0,2.0,Single,2.2,3109.0,0.0,11.0,Graduation,3.0,4.0
0.0,,2.0,37.0,25.0,2.0,12.0,28-05-2029,132.0,,2.0,3.0,136.0,0.0,0.0,0.0,0.0,13.0,0.0,1.0,5.0,0.0,9780.0,465.0,,3.0,Together,72.88,3101.0,0.0,11.0,,3.0,8.0
0.0,0.0,0.0,9.0,,1.0,58.0,01-11-2029,6.0,5.0,1.0,,4.0,1.0,0.0,,0.0,,1.0,0.0,2.0,0.0,9081.0,4.0,,2.0,Single,82.91,,0.0,11.0,Graduation,3.0,1.0
0.0,0.0,1.0,32.0,0.0,12.0,0.0,30-05-2028,171.0,8.0,2.0,2.0,8.0,1.0,0.0,,0.0,8.0,19.0,1.0,4.0,0.0,8432.0,454.0,54450.0,,Together,25.1,3086.0,0.0,11.0,Graduation,3.0,9.0
,0.0,1.0,5.0,1.0,3.0,39.0,,16.0,8.0,2.0,0.0,12.0,1.0,0.0,0.0,0.0,3.0,2.0,0.0,3.0,,8523.0,24.0,19329.0,9.0,Married,81.42,3098.0,0.0,11.0,Graduation,3.0,4.0
,0.0,0.0,80.0,93.0,1.0,56.0,15-07-2030,374.0,3.0,4.0,6.0,104.0,0.0,0.0,0.0,0.0,6.0,80.0,0.0,3.0,0.0,2963.0,709.0,75507.0,6.0,Together,47.34,3109.0,0.0,11.0,Graduation,3.0,8.0
0.0,0.0,3.0,,47.0,2.0,61.0,19-06-2029,267.0,3.0,2.0,5.0,62.0,0.0,0.0,1.0,0.0,4.0,66.0,1.0,6.0,0.0,9353.0,,,1.0,Single,66.15,3089.0,0.0,11.0,Graduation,3.0,
0.0,0.0,2.0,,2.0,2.0,1.0,,12.0,6.0,2.0,2.0,,1.0,0.0,,0.0,2.0,5.0,1.0,4.0,0.0,5740.0,4.0,25959.0,8.0,Divorced,41.67,,1.0,11.0,2n Cycle,3.0,1.0
0.0,0.0,4.0,0.0,3.0,1.0,48.0,13-04-2030,12.0,3.0,2.0,1.0,6.0,0.0,0.0,0.0,,3.0,1.0,0.0,1.0,0.0,7679.0,6.0,30298.0,2.0,Single,34.31,,,11.0,PhD,3.0,1.0
0.0,0.0,,2.0,0.0,1.0,26.0,,9.0,8.0,4.0,0.0,3.0,1.0,0.0,0.0,0.0,3.0,6.0,0.0,4.0,0.0,10432.0,2.0,19346.0,3.0,Divorced,4.48,,0.0,11.0,,3.0,1.0
0.0,0.0,1.0,32.0,,1.0,42.0,15-01-2029,631.0,2.0,1.0,6.0,72.0,0.0,0.0,0.0,0.0,8.0,55.0,0.0,,0.0,3661.0,594.0,,5.0,Single,64.53,3125.0,0.0,11.0,2n Cycle,3.0,
0.0,0.0,1.0,30.0,5.0,2.0,85.0,11-04-2029,,5.0,3.0,1.0,0.0,1.0,0.0,0.0,,3.0,9.0,1.0,2.0,0.0,5234.0,12.0,,7.0,Together,104.67,3097.0,0.0,,2n Cycle,3.0,1.0
1.0,0.0,2.0,47.0,8.0,4.0,93.0,15-02-2029,99.0,8.0,1.0,7.0,,0.0,0.0,0.0,0.0,5.0,,1.0,0.0,0.0,,714.0,52852.0,5.0,,,3087.0,0.0,11.0,,3.0,10.0
0.0,0.0,1.0,,51.0,7.0,,15-12-2029,154.0,6.0,3.0,2.0,54.0,0.0,0.0,0.0,0.0,,10.0,1.0,1.0,0.0,6658.0,771.0,59868.0,3.0,Together,59.8,3102.0,0.0,11.0,Graduation,3.0,11.0
0.0,,1.0,15.0,138.0,1.0,85.0,,430.0,2.0,0.0,6.0,60.0,0.0,0.0,0.0,0.0,13.0,92.0,0.0,4.0,0.0,9209.0,,80573.0,4.0,Together,118.39,3101.0,0.0,11.0,Master,3.0,4.0
0.0,0.0,,18.0,37.0,1.0,,04-06-2029,359.0,1.0,3.0,4.0,98.0,0.0,0.0,0.0,,8.0,28.0,,3.0,0.0,5798.0,445.0,,5.0,Together,,3103.0,0.0,11.0,Master,3.0,2.0
0.0,,2.0,,2.0,2.0,1.0,21-07-2029,17.0,8.0,2.0,0.0,6.0,1.0,0.0,,0.0,3.0,1.0,0.0,3.0,0.0,5585.0,,21359.0,9.0,Single,,3102.0,1.0,11.0,,3.0,2.0
0.0,0.0,2.0,,132.0,1.0,47.0,13-11-2029,445.0,1.0,3.0,7.0,250.0,0.0,0.0,0.0,0.0,8.0,192.0,0.0,4.0,,7428.0,,80144.0,3.0,Together,15.66,3105.0,0.0,11.0,Graduation,3.0,3.0
0.0,0.0,1.0,,9.0,3.0,34.0,19-06-2028,37.0,8.0,2.0,0.0,12.0,1.0,0.0,,,,7.0,2.0,3.0,0.0,6263.0,,35322.0,8.0,,93.57,3098.0,0.0,11.0,Graduation,3.0,2.0
,0.0,2.0,,,3.0,50.0,20-10-2029,134.0,6.0,4.0,2.0,15.0,1.0,,0.0,0.0,8.0,0.0,0.0,3.0,0.0,7037.0,194.0,37087.0,6.0,Married,81.61,3104.0,0.0,11.0,PhD,3.0,4.0
0.0,0.0,,12.0,6.0,1.0,99.0,23-12-2029,3.0,8.0,3.0,0.0,7.0,0.0,,0.0,0.0,3.0,6.0,0.0,1.0,0.0,3363.0,,20130.0,7.0,Married,81.93,3104.0,0.0,,2n Cycle,3.0,1.0
,0.0,2.0,23.0,8.0,3.0,23.0,,10.0,5.0,4.0,1.0,12.0,1.0,0.0,0.0,0.0,3.0,14.0,0.0,,,11187.0,2.0,26487.0,5.0,Single,34.92,3108.0,0.0,11.0,Basic,3.0,2.0
1.0,0.0,0.0,36.0,44.0,2.0,80.0,02-01-2029,215.0,6.0,1.0,8.0,0.0,0.0,0.0,0.0,0.0,4.0,17.0,1.0,3.0,0.0,,618.0,68117.0,,Widow,83.68,,1.0,11.0,,3.0,11.0
0.0,0.0,2.0,,19.0,2.0,70.0,04-04-2029,35.0,3.0,3.0,1.0,26.0,0.0,0.0,0.0,0.0,5.0,14.0,1.0,5.0,0.0,4442.0,31.0,46524.0,,Single,59.79,,0.0,11.0,Graduation,3.0,1.0
0.0,,0.0,2.0,1.0,1.0,35.0,15-05-2029,17.0,8.0,1.0,0.0,2.0,1.0,0.0,0.0,0.0,3.0,0.0,1.0,4.0,0.0,4791.0,19.0,,,,110.31,3110.0,0.0,,Graduation,3.0,1.0
0.0,0.0,0.0,122.0,61.0,1.0,18.0,17-02-2029,570.0,,4.0,6.0,,0.0,0.0,0.0,0.0,8.0,25.0,0.0,4.0,1.0,,856.0,83003.0,8.0,Together,98.67,3095.0,1.0,11.0,Graduation,3.0,7.0
0.0,0.0,1.0,76.0,0.0,2.0,57.0,03-09-2028,57.0,5.0,,5.0,0.0,0.0,0.0,0.0,0.0,11.0,0.0,1.0,2.0,0.0,7055.0,888.0,61010.0,9.0,Together,62.22,3082.0,0.0,11.0,PhD,3.0,8.0
0.0,0.0,2.0,43.0,4.0,8.0,60.0,,78.0,8.0,3.0,,6.0,1.0,,0.0,,6.0,0.0,1.0,,0.0,610.0,,53593.0,,Together,113.71,,0.0,11.0,PhD,3.0,7.0
0.0,0.0,1.0,84.0,70.0,1.0,77.0,,,1.0,0.0,,146.0,0.0,0.0,0.0,,,40.0,0.0,2.0,0.0,295.0,493.0,81217.0,5.0,,10.7,3119.0,0.0,11.0,Graduation,3.0,3.0
0.0,0.0,2.0,,17.0,8.0,72.0,,142.0,6.0,1.0,4.0,23.0,0.0,0.0,0.0,0.0,13.0,26.0,1.0,3.0,0.0,7129.0,686.0,54693.0,,Married,18.25,3092.0,0.0,11.0,PhD,3.0,6.0
0.0,0.0,1.0,152.0,10.0,5.0,25.0,15-09-2029,101.0,8.0,0.0,4.0,13.0,,0.0,0.0,0.0,8.0,0.0,1.0,3.0,0.0,5909.0,895.0,58512.0,5.0,Married,43.03,3094.0,0.0,11.0,Graduation,3.0,3.0
0.0,0.0,2.0,6.0,,1.0,94.0,15-04-2029,18.0,3.0,3.0,1.0,3.0,0.0,0.0,0.0,0.0,4.0,3.0,2.0,4.0,0.0,9239.0,92.0,61923.0,7.0,Married,30.79,3091.0,0.0,11.0,Master,,2.0
0.0,0.0,1.0,42.0,84.0,4.0,29.0,15-10-2028,352.0,5.0,1.0,4.0,91.0,0.0,,0.0,0.0,,56.0,1.0,2.0,0.0,4406.0,846.0,67419.0,4.0,Together,39.88,3100.0,0.0,11.0,Graduation,3.0,9.0
0.0,0.0,0.0,24.0,0.0,3.0,55.0,09-09-2028,60.0,7.0,3.0,5.0,0.0,,,1.0,0.0,4.0,0.0,1.0,3.0,0.0,1829.0,,54959.0,6.0,Divorced,101.3,3091.0,,11.0,PhD,3.0,9.0
,0.0,1.0,0.0,15.0,3.0,62.0,,30.0,8.0,1.0,2.0,20.0,0.0,0.0,0.0,0.0,8.0,0.0,1.0,3.0,0.0,6250.0,710.0,54356.0,,Widow,113.92,,,11.0,PhD,3.0,11.0
1.0,0.0,0.0,11.0,0.0,2.0,82.0,10-08-2029,5.0,7.0,2.0,1.0,,1.0,0.0,0.0,0.0,2.0,,,4.0,0.0,8397.0,,44689.0,7.0,Married,34.68,3081.0,0.0,11.0,,3.0,1.0
0.0,0.0,,56.0,,6.0,54.0,30-01-2029,47.0,5.0,3.0,2.0,23.0,1.0,,0.0,0.0,5.0,2.0,1.0,3.0,0.0,7108.0,205.0,51390.0,4.0,Widow,107.85,3095.0,0.0,11.0,Master,3.0,5.0
0.0,0.0,0.0,57.0,11.0,1.0,64.0,27-10-2029,387.0,1.0,4.0,4.0,149.0,0.0,0.0,0.0,0.0,10.0,91.0,0.0,4.0,0.0,2730.0,536.0,80317.0,8.0,Single,90.96,3085.0,0.0,11.0,Graduation,,3.0
0.0,0.0,1.0,5.0,1.0,1.0,49.0,06-11-2029,4.0,7.0,0.0,0.0,15.0,0.0,0.0,0.0,0.0,,1.0,0.0,4.0,0.0,2686.0,0.0,22390.0,5.0,Together,13.49,3099.0,0.0,11.0,Basic,3.0,
0.0,0.0,0.0,86.0,21.0,3.0,57.0,15-08-2029,151.0,5.0,3.0,2.0,28.0,1.0,0.0,0.0,0.0,,21.0,1.0,3.0,0.0,9799.0,866.0,83664.0,7.0,Divorced,19.21,3098.0,0.0,11.0,PhD,3.0,2.0
0.0,0.0,3.0,109.0,9.0,7.0,57.0,05-12-2028,124.0,3.0,1.0,2.0,12.0,1.0,,0.0,0.0,10.0,24.0,1.0,,0.0,9384.0,328.0,66373.0,3.0,Married,105.87,3108.0,0.0,11.0,,3.0,4.0
0.0,0.0,2.0,28.0,3.0,2.0,11.0,25-08-2029,67.0,7.0,0.0,1.0,8.0,1.0,0.0,0.0,0.0,4.0,9.0,0.0,2.0,,,63.0,35641.0,8.0,Married,75.99,3102.0,1.0,11.0,Master,,3.0
0.0,0.0,1.0,41.0,50.0,1.0,21.0,05-11-2029,167.0,3.0,0.0,3.0,130.0,0.0,0.0,1.0,,,0.0,1.0,4.0,0.0,2666.0,519.0,76234.0,4.0,Married,14.62,3102.0,0.0,11.0,Master,3.0,8.0
0.0,0.0,1.0,35.0,197.0,1.0,19.0,28-12-2029,170.0,1.0,0.0,8.0,58.0,0.0,0.0,0.0,0.0,13.0,152.0,0.0,4.0,0.0,3967.0,331.0,78931.0,1.0,Married,108.6,3101.0,0.0,11.0,PhD,3.0,2.0
0.0,0.0,1.0,10.0,1.0,2.0,,15-04-2029,5.0,8.0,4.0,0.0,,0.0,0.0,0.0,0.0,,1.0,1.0,3.0,0.0,1473.0,53.0,47823.0,2.0,Single,35.79,3090.0,0.0,11.0,2n Cycle,3.0,2.0
0.0,0.0,2.0,42.0,3.0,5.0,3.0,23-09-2028,50.0,8.0,2.0,1.0,4.0,0.0,,,0.0,6.0,3.0,1.0,3.0,0.0,492.0,322.0,48432.0,1.0,YOLO,34.73,3103.0,0.0,11.0,PhD,3.0,7.0
0.0,1.0,0.0,,183.0,0.0,25.0,26-05-2028,797.0,2.0,3.0,11.0,106.0,0.0,0.0,0.0,0.0,5.0,163.0,0.0,4.0,1.0,7627.0,817.0,,4.0,,99.23,3105.0,1.0,11.0,Master,3.0,5.0
0.0,0.0,2.0,109.0,,1.0,4.0,,159.0,4.0,0.0,2.0,7.0,0.0,0.0,0.0,0.0,10.0,82.0,1.0,3.0,0.0,4477.0,247.0,69096.0,7.0,Together,48.05,3088.0,0.0,11.0,Graduation,,5.0
0.0,,3.0,3.0,0.0,2.0,31.0,23-06-2028,5.0,5.0,0.0,1.0,2.0,0.0,0.0,1.0,0.0,,,1.0,1.0,0.0,5710.0,110.0,40548.0,5.0,Together,110.92,3100.0,0.0,11.0,Graduation,3.0,2.0
0.0,0.0,2.0,30.0,107.0,2.0,,30-07-2029,199.0,8.0,3.0,3.0,39.0,1.0,0.0,0.0,0.0,13.0,30.0,0.0,2.0,0.0,5299.0,1181.0,,3.0,Married,67.51,3100.0,0.0,11.0,PhD,3.0,7.0
1.0,0.0,,37.0,43.0,6.0,46.0,26-08-2028,127.0,4.0,3.0,8.0,68.0,0.0,0.0,,0.0,4.0,,1.0,3.0,0.0,7453.0,157.0,36130.0,8.0,Single,26.5,3084.0,1.0,11.0,Graduation,3.0,3.0
,0.0,1.0,20.0,3.0,2.0,96.0,20-04-2029,24.0,7.0,0.0,1.0,4.0,0.0,0.0,1.0,0.0,7.0,3.0,,3.0,0.0,5644.0,309.0,42213.0,8.0,Together,117.89,3087.0,0.0,11.0,,3.0,5.0
0.0,0.0,1.0,11.0,4.0,1.0,,21-12-2028,16.0,8.0,2.0,0.0,0.0,1.0,0.0,0.0,0.0,3.0,4.0,0.0,3.0,0.0,,65.0,42386.0,6.0,Together,3.82,,0.0,11.0,Master,,3.0
,0.0,1.0,30.0,122.0,,,18-01-2029,122.0,9.0,1.0,2.0,208.0,0.0,0.0,0.0,0.0,8.0,129.0,,1.0,0.0,1951.0,228.0,34445.0,4.0,Married,108.52,3111.0,0.0,,Basic,3.0,11.0
0.0,0.0,0.0,28.0,7.0,5.0,10.0,19-04-2029,89.0,5.0,3.0,,0.0,1.0,0.0,0.0,0.0,6.0,7.0,2.0,4.0,0.0,6404.0,151.0,58917.0,5.0,Together,6.96,3099.0,,11.0,,3.0,4.0
0.0,1.0,3.0,138.0,19.0,3.0,36.0,04-06-2028,595.0,3.0,1.0,7.0,180.0,0.0,0.0,0.0,0.0,10.0,,0.0,3.0,0.0,4530.0,972.0,78427.0,5.0,Widow,50.64,3078.0,1.0,11.0,Master,3.0,3.0
0.0,0.0,1.0,94.0,26.0,2.0,43.0,26-09-2028,470.0,2.0,3.0,9.0,123.0,0.0,0.0,0.0,0.0,6.0,161.0,1.0,2.0,0.0,,604.0,72504.0,10.0,Single,45.35,3102.0,0.0,11.0,Graduation,3.0,5.0
,0.0,2.0,19.0,2.0,7.0,81.0,09-10-2028,44.0,8.0,0.0,2.0,6.0,1.0,,0.0,0.0,4.0,2.0,1.0,3.0,0.0,955.0,167.0,47175.0,9.0,,83.5,3092.0,1.0,11.0,Master,3.0,4.0
0.0,0.0,1.0,142.0,58.0,1.0,34.0,,168.0,3.0,2.0,7.0,43.0,,0.0,,0.0,10.0,16.0,0.0,4.0,0.0,7631.0,562.0,61346.0,1.0,Together,71.63,3108.0,0.0,11.0,Master,3.0,5.0
,0.0,1.0,6.0,0.0,1.0,25.0,22-12-2029,,7.0,3.0,0.0,0.0,1.0,1.0,0.0,0.0,3.0,0.0,1.0,4.0,,9972.0,38.0,46015.0,3.0,Together,40.62,3085.0,0.0,11.0,PhD,3.0,1.0
0.0,0.0,2.0,,4.0,3.0,48.0,17-12-2029,32.0,4.0,5.0,1.0,17.0,1.0,0.0,0.0,0.0,4.0,2.0,1.0,5.0,0.0,7530.0,67.0,56551.0,8.0,Widow,,3080.0,,11.0,PhD,3.0,2.0
,0.0,1.0,36.0,0.0,4.0,86.0,18-09-2028,,8.0,2.0,2.0,,1.0,0.0,0.0,0.0,2.0,0.0,1.0,3.0,0.0,10703.0,57.0,46098.0,8.0,Single,17.72,3105.0,0.0,11.0,Master,3.0,3.0
0.0,0.0,0.0,3.0,6.0,1.0,23.0,09-10-2029,7.0,6.0,3.0,0.0,0.0,0.0,0.0,0.0,,3.0,3.0,1.0,3.0,0.0,,13.0,40049.0,10.0,Widow,71.24,3082.0,0.0,11.0,Graduation,3.0,1.0
0.0,0.0,1.0,29.0,11.0,2.0,46.0,,178.0,6.0,3.0,4.0,,0.0,0.0,0.0,,6.0,83.0,0.0,3.0,0.0,10888.0,273.0,45938.0,,,84.22,3091.0,,11.0,Graduation,3.0,8.0
0.0,,0.0,15.0,8.0,1.0,41.0,03-05-2029,1.0,8.0,,0.0,4.0,1.0,0.0,0.0,0.0,3.0,7.0,0.0,2.0,0.0,,,18978.0,10.0,Married,61.86,3103.0,0.0,11.0,Basic,3.0,1.0
0.0,0.0,1.0,131.0,15.0,1.0,64.0,23-08-2029,100.0,6.0,0.0,3.0,20.0,0.0,0.0,0.0,0.0,9.0,7.0,1.0,,0.0,6283.0,635.0,63841.0,9.0,Divorced,46.6,3098.0,0.0,11.0,,3.0,9.0
0.0,0.0,2.0,38.0,19.0,0.0,23.0,08-06-2030,711.0,1.0,3.0,6.0,125.0,0.0,0.0,1.0,0.0,9.0,115.0,,4.0,0.0,,1000.0,98777.0,1.0,Single,80.85,3090.0,0.0,11.0,,,4.0
0.0,0.0,0.0,58.0,,4.0,52.0,16-09-2029,74.0,6.0,2.0,1.0,10.0,0.0,,0.0,0.0,7.0,,1.0,4.0,0.0,8786.0,301.0,62058.0,1.0,Married,27.78,3086.0,0.0,11.0,Master,3.0,6.0
0.0,0.0,1.0,13.0,6.0,1.0,,,15.0,10.0,1.0,0.0,3.0,1.0,0.0,0.0,0.0,2.0,5.0,0.0,1.0,0.0,7286.0,13.0,41728.0,4.0,,74.3,3098.0,0.0,11.0,Graduation,3.0,2.0
0.0,0.0,1.0,17.0,0.0,1.0,,22-12-2028,322.0,6.0,2.0,9.0,46.0,0.0,0.0,0.0,0.0,4.0,35.0,1.0,4.0,,11088.0,1396.0,,7.0,Together,86.95,3101.0,0.0,11.0,PhD,3.0,
0.0,0.0,1.0,4.0,2.0,1.0,48.0,20-10-2029,4.0,4.0,1.0,0.0,13.0,1.0,0.0,0.0,0.0,4.0,13.0,0.0,2.0,,2478.0,2.0,25410.0,6.0,Married,24.17,3103.0,0.0,11.0,,3.0,1.0
0.0,0.0,0.0,16.0,,1.0,,,,6.0,3.0,0.0,20.0,1.0,0.0,0.0,0.0,3.0,11.0,0.0,2.0,,10837.0,2.0,23957.0,9.0,Married,86.8,3105.0,1.0,11.0,Graduation,3.0,2.0
0.0,0.0,3.0,25.0,,1.0,9.0,17-03-2030,29.0,8.0,3.0,1.0,2.0,0.0,0.0,0.0,0.0,3.0,14.0,0.0,1.0,0.0,263.0,56.0,45576.0,5.0,Single,38.03,3075.0,1.0,11.0,PhD,3.0,3.0
0.0,0.0,,,76.0,1.0,60.0,08-03-2030,749.0,2.0,2.0,10.0,59.0,0.0,0.0,0.0,0.0,6.0,,0.0,4.0,1.0,5721.0,611.0,,4.0,Married,65.84,3086.0,0.0,11.0,PhD,3.0,
0.0,0.0,1.0,15.0,10.0,1.0,53.0,10-10-2028,29.0,6.0,4.0,0.0,4.0,1.0,0.0,0.0,0.0,3.0,7.0,0.0,3.0,0.0,6214.0,14.0,43815.0,1.0,Married,94.65,,0.0,11.0,Master,,
0.0,0.0,2.0,3.0,,1.0,18.0,07-06-2029,11.0,8.0,,0.0,0.0,1.0,0.0,0.0,0.0,,5.0,0.0,4.0,0.0,1064.0,22.0,42403.0,9.0,Married,18.23,3101.0,0.0,,,3.0,1.0
0.0,0.0,3.0,83.0,50.0,1.0,,20-01-2028,850.0,2.0,2.0,6.0,21.0,0.0,0.0,0.0,0.0,5.0,83.0,0.0,4.0,0.0,1891.0,667.0,78789.0,10.0,Divorced,67.55,3110.0,,,Master,3.0,4.0
,0.0,1.0,15.0,91.0,1.0,54.0,12-08-2028,,3.0,3.0,5.0,159.0,0.0,0.0,0.0,0.0,,91.0,0.0,2.0,,3749.0,,73926.0,7.0,Together,106.25,3103.0,0.0,11.0,Graduation,3.0,6.0
0.0,0.0,1.0,51.0,17.0,1.0,82.0,01-01-2030,813.0,2.0,1.0,6.0,27.0,0.0,,0.0,0.0,6.0,173.0,0.0,2.0,1.0,9938.0,519.0,80067.0,4.0,Married,117.51,,,11.0,Graduation,3.0,4.0
1.0,0.0,1.0,31.0,13.0,2.0,5.0,01-08-2029,,6.0,1.0,1.0,0.0,1.0,0.0,0.0,0.0,2.0,5.0,0.0,2.0,0.0,6770.0,5.0,21355.0,5.0,Married,,3115.0,,11.0,Graduation,,2.0
,0.0,4.0,114.0,35.0,1.0,14.0,15-08-2028,,2.0,3.0,9.0,39.0,0.0,0.0,0.0,0.0,11.0,137.0,0.0,3.0,1.0,5031.0,777.0,83145.0,3.0,Together,58.8,3104.0,1.0,11.0,Graduation,,5.0
0.0,0.0,1.0,5.0,0.0,1.0,10.0,02-09-2029,10.0,7.0,0.0,0.0,2.0,1.0,0.0,0.0,,3.0,0.0,0.0,3.0,0.0,5074.0,30.0,,1.0,Married,106.52,3116.0,0.0,11.0,Master,3.0,1.0
0.0,0.0,2.0,34.0,0.0,2.0,,01-08-2029,24.0,6.0,2.0,2.0,6.0,0.0,0.0,0.0,0.0,8.0,4.0,1.0,4.0,,9240.0,458.0,60504.0,8.0,Single,,3101.0,0.0,11.0,PhD,3.0,6.0
0.0,0.0,2.0,86.0,51.0,1.0,81.0,16-09-2029,932.0,3.0,,6.0,180.0,0.0,0.0,0.0,0.0,5.0,34.0,0.0,,0.0,2002.0,587.0,71964.0,6.0,Divorced,97.96,3088.0,0.0,11.0,Graduation,3.0,5.0
0.0,0.0,1.0,,8.0,4.0,49.0,01-07-2028,16.0,6.0,0.0,0.0,11.0,1.0,0.0,0.0,0.0,4.0,5.0,1.0,4.0,0.0,2157.0,15.0,26290.0,2.0,Together,80.58,3102.0,0.0,11.0,Graduation,3.0,2.0
0.0,0.0,2.0,0.0,0.0,,89.0,15-10-2029,465.0,1.0,7.0,5.0,46.0,0.0,0.0,1.0,0.0,8.0,35.0,0.0,3.0,1.0,9298.0,1252.0,81574.0,4.0,Together,53.67,,0.0,,PhD,3.0,4.0
0.0,,,,,,,05-01-2029,91.0,5.0,2.0,2.0,,0.0,0.0,1.0,0.0,11.0,6.0,1.0,4.0,0.0,966.0,538.0,44529.0,2.0,Married,55.01,3096.0,,11.0,Graduation,3.0,6.0
0.0,0.0,0.0,64.0,81.0,2.0,49.0,20-12-2029,,2.0,2.0,2.0,168.0,0.0,,0.0,0.0,11.0,,1.0,2.0,0.0,810.0,151.0,74190.0,9.0,Married,85.48,3105.0,0.0,11.0,,3.0,4.0
,0.0,0.0,66.0,58.0,4.0,49.0,26-10-2028,83.0,,1.0,5.0,32.0,0.0,0.0,0.0,0.0,10.0,0.0,,3.0,0.0,1272.0,664.0,55250.0,6.0,Single,100.59,3095.0,0.0,11.0,,3.0,7.0
0.0,0.0,2.0,54.0,18.0,2.0,56.0,30-06-2029,252.0,3.0,0.0,6.0,32.0,0.0,0.0,0.0,0.0,,108.0,1.0,3.0,0.0,7822.0,198.0,54058.0,9.0,Together,2.44,3106.0,0.0,11.0,Graduation,3.0,4.0
0.0,0.0,2.0,33.0,107.0,1.0,,,,6.0,1.0,,23.0,0.0,0.0,0.0,0.0,4.0,143.0,0.0,,0.0,3074.0,1218.0,70643.0,10.0,Married,62.67,3114.0,1.0,11.0,,3.0,5.0
0.0,0.0,1.0,17.0,4.0,4.0,87.0,02-12-2028,68.0,,1.0,1.0,7.0,1.0,0.0,0.0,0.0,4.0,5.0,0.0,,0.0,7433.0,64.0,29760.0,5.0,Single,48.21,3115.0,0.0,11.0,Graduation,3.0,3.0
0.0,0.0,4.0,45.0,0.0,1.0,,23-11-2029,505.0,2.0,0.0,,99.0,0.0,0.0,,0.0,10.0,30.0,0.0,2.0,0.0,3428.0,,68682.0,1.0,Together,62.67,3121.0,0.0,11.0,PhD,3.0,4.0
0.0,0.0,3.0,,3.0,1.0,77.0,18-12-2029,24.0,,2.0,1.0,34.0,0.0,0.0,0.0,0.0,3.0,7.0,0.0,4.0,0.0,954.0,3.0,22123.0,2.0,Widow,9.09,,0.0,11.0,Basic,3.0,2.0
0.0,0.0,3.0,24.0,9.0,1.0,86.0,31-03-2029,63.0,6.0,0.0,1.0,2.0,0.0,0.0,0.0,0.0,4.0,9.0,0.0,3.0,0.0,455.0,102.0,51012.0,10.0,Married,84.23,3076.0,0.0,11.0,PhD,3.0,4.0
0.0,0.0,1.0,,2.0,2.0,49.0,14-02-2029,10.0,8.0,1.0,0.0,0.0,1.0,0.0,0.0,0.0,3.0,0.0,1.0,3.0,0.0,3007.0,27.0,37758.0,3.0,Together,48.59,3096.0,0.0,11.0,,3.0,
,1.0,2.0,129.0,37.0,1.0,2.0,,518.0,2.0,,6.0,,0.0,0.0,0.0,0.0,7.0,92.0,0.0,2.0,1.0,1772.0,1074.0,79174.0,3.0,Married,71.68,3105.0,1.0,11.0,PhD,3.0,5.0
0.0,,1.0,2.0,,2.0,75.0,,8.0,8.0,2.0,0.0,2.0,1.0,,0.0,0.0,3.0,,2.0,4.0,,6768.0,22.0,37859.0,8.0,Divorced,4.51,3092.0,0.0,11.0,Graduation,3.0,1.0
0.0,0.0,,1.0,0.0,1.0,38.0,19-10-2028,5.0,8.0,3.0,,0.0,2.0,,0.0,0.0,2.0,0.0,0.0,3.0,0.0,,11.0,33581.0,1.0,Married,30.36,3099.0,0.0,11.0,PhD,3.0,1.0
0.0,,1.0,7.0,1.0,1.0,55.0,03-12-2029,3.0,4.0,4.0,1.0,0.0,1.0,0.0,0.0,0.0,2.0,0.0,1.0,4.0,0.0,2166.0,12.0,46779.0,4.0,Widow,42.66,3090.0,0.0,11.0,2n Cycle,3.0,0.0
0.0,0.0,0.0,13.0,0.0,1.0,16.0,16-09-2029,18.0,7.0,0.0,1.0,0.0,1.0,0.0,0.0,0.0,2.0,0.0,0.0,2.0,,10477.0,71.0,39435.0,10.0,Together,116.92,3103.0,0.0,11.0,PhD,3.0,3.0
0.0,0.0,,12.0,9.0,,79.0,28-09-2028,16.0,8.0,3.0,1.0,17.0,1.0,0.0,0.0,0.0,2.0,0.0,0.0,,0.0,4240.0,4.0,,7.0,,76.57,3108.0,,11.0,,,
0.0,0.0,3.0,7.0,0.0,1.0,50.0,,21.0,4.0,2.0,1.0,0.0,0.0,0.0,0.0,0.0,4.0,,1.0,3.0,,4268.0,129.0,53154.0,2.0,Married,35.43,3089.0,0.0,11.0,Graduation,3.0,
0.0,0.0,,4.0,1.0,1.0,49.0,08-07-2029,9.0,,,0.0,2.0,1.0,,0.0,0.0,2.0,0.0,1.0,4.0,0.0,4345.0,5.0,,9.0,Single,107.49,3094.0,0.0,11.0,2n Cycle,3.0,1.0
0.0,0.0,1.0,6.0,17.0,3.0,93.0,02-09-2029,68.0,7.0,0.0,2.0,8.0,0.0,0.0,1.0,0.0,5.0,10.0,2.0,1.0,0.0,5389.0,238.0,48920.0,7.0,Married,71.05,3094.0,0.0,11.0,Graduation,3.0,6.0
1.0,0.0,0.0,192.0,48.0,5.0,,12-03-2028,320.0,8.0,1.0,4.0,42.0,0.0,0.0,0.0,0.0,9.0,32.0,1.0,,0.0,380.0,1170.0,64497.0,3.0,Divorced,12.27,3084.0,1.0,11.0,Graduation,3.0,11.0
0.0,0.0,2.0,3.0,0.0,1.0,,28-07-2029,11.0,5.0,0.0,0.0,2.0,1.0,0.0,,0.0,3.0,1.0,0.0,3.0,0.0,7325.0,23.0,38197.0,,Together,78.71,3116.0,0.0,11.0,PhD,3.0,1.0
0.0,,2.0,8.0,1.0,1.0,6.0,,3.0,6.0,4.0,0.0,0.0,1.0,0.0,0.0,0.0,3.0,4.0,1.0,4.0,0.0,,9.0,29672.0,1.0,Together,65.6,3095.0,0.0,11.0,Graduation,,0.0
0.0,0.0,1.0,4.0,28.0,2.0,72.0,31-08-2029,31.0,4.0,2.0,1.0,16.0,,0.0,0.0,0.0,5.0,0.0,1.0,2.0,0.0,7495.0,77.0,56223.0,2.0,Married,10.41,,0.0,11.0,PhD,3.0,
0.0,0.0,1.0,12.0,9.0,1.0,23.0,15-09-2029,49.0,,1.0,1.0,24.0,0.0,,0.0,0.0,6.0,3.0,0.0,4.0,0.0,9485.0,102.0,45921.0,3.0,,66.84,3116.0,0.0,11.0,PhD,3.0,2.0
0.0,0.0,3.0,166.0,27.0,1.0,13.0,,697.0,2.0,3.0,,216.0,,0.0,,0.0,5.0,24.0,0.0,,0.0,5302.0,298.0,78394.0,10.0,Together,51.82,,1.0,11.0,Graduation,3.0,4.0
0.0,0.0,2.0,11.0,0.0,1.0,80.0,22-09-2030,13.0,4.0,2.0,0.0,2.0,1.0,0.0,0.0,0.0,3.0,4.0,0.0,2.0,0.0,7574.0,11.0,27922.0,7.0,Together,,3109.0,0.0,11.0,PhD,3.0,2.0
,0.0,1.0,76.0,1.0,4.0,86.0,22-10-2029,39.0,6.0,1.0,2.0,6.0,1.0,0.0,0.0,0.0,3.0,1.0,2.0,,,,100.0,46734.0,5.0,Single,,3096.0,0.0,11.0,PhD,3.0,3.0
0.0,0.0,1.0,58.0,2.0,1.0,48.0,06-03-2029,64.0,5.0,1.0,1.0,38.0,0.0,0.0,0.0,0.0,6.0,17.0,0.0,3.0,0.0,,179.0,42691.0,4.0,Married,22.89,,0.0,11.0,Graduation,3.0,5.0
0.0,1.0,1.0,111.0,129.0,1.0,32.0,10-07-2029,853.0,2.0,4.0,6.0,120.0,0.0,0.0,1.0,0.0,,74.0,,3.0,1.0,569.0,704.0,90273.0,,Single,46.68,3121.0,1.0,11.0,Graduation,3.0,
0.0,0.0,0.0,23.0,0.0,2.0,0.0,,73.0,7.0,2.0,1.0,0.0,1.0,0.0,0.0,0.0,8.0,0.0,0.0,2.0,0.0,4065.0,308.0,,10.0,,86.25,3106.0,0.0,11.0,PhD,3.0,5.0
0.0,0.0,1.0,106.0,80.0,2.0,61.0,01-08-2029,329.0,,3.0,6.0,138.0,0.0,0.0,0.0,,10.0,17.0,1.0,,0.0,640.0,,57304.0,6.0,Married,23.89,3081.0,0.0,11.0,,3.0,7.0
0.0,,,22.0,1.0,,3.0,02-08-2029,44.0,4.0,1.0,1.0,6.0,0.0,0.0,0.0,0.0,,5.0,1.0,3.0,,6183.0,62.0,58646.0,6.0,Married,54.62,3092.0,0.0,,Master,3.0,2.0
0.0,0.0,0.0,145.0,60.0,1.0,70.0,29-01-2030,568.0,2.0,1.0,6.0,110.0,0.0,0.0,0.0,0.0,7.0,133.0,0.0,2.0,1.0,8504.0,350.0,79593.0,8.0,Married,6.89,3103.0,0.0,11.0,Graduation,3.0,5.0
0.0,0.0,,75.0,23.0,1.0,,30-06-2029,389.0,2.0,1.0,5.0,42.0,0.0,0.0,0.0,0.0,7.0,21.0,0.0,4.0,0.0,4944.0,227.0,71367.0,1.0,Together,2.06,3089.0,,11.0,,3.0,4.0
0.0,0.0,2.0,50.0,0.0,2.0,4.0,,232.0,7.0,1.0,5.0,13.0,,0.0,0.0,0.0,7.0,20.0,1.0,3.0,0.0,11084.0,738.0,65104.0,7.0,Together,104.76,3106.0,1.0,11.0,Master,3.0,3.0
0.0,0.0,0.0,37.0,38.0,,,09-03-2029,161.0,7.0,3.0,9.0,62.0,0.0,0.0,0.0,0.0,7.0,47.0,1.0,2.0,0.0,2807.0,656.0,56796.0,3.0,Married,94.02,3099.0,0.0,11.0,Graduation,3.0,8.0
0.0,0.0,3.0,30.0,28.0,5.0,,30-05-2028,353.0,8.0,,6.0,45.0,1.0,0.0,0.0,0.0,11.0,42.0,1.0,3.0,0.0,10992.0,650.0,75702.0,4.0,Together,33.86,3097.0,0.0,11.0,,3.0,4.0
0.0,0.0,0.0,7.0,0.0,3.0,33.0,,,7.0,2.0,,7.0,1.0,0.0,0.0,0.0,3.0,3.0,1.0,,,8842.0,15.0,30372.0,2.0,Widow,61.3,3101.0,0.0,,Graduation,3.0,2.0
0.0,0.0,4.0,57.0,14.0,1.0,54.0,28-09-2029,49.0,,0.0,2.0,0.0,0.0,0.0,0.0,0.0,,7.0,1.0,,,,642.0,65685.0,1.0,Married,71.19,,0.0,11.0,Graduation,3.0,
0.0,0.0,1.0,33.0,33.0,,,19-08-2029,281.0,3.0,1.0,5.0,129.0,0.0,0.0,,0.0,,66.0,,,1.0,4994.0,1193.0,77598.0,1.0,Single,104.1,3073.0,0.0,11.0,Master,3.0,7.0
0.0,0.0,1.0,154.0,23.0,2.0,51.0,09-12-2029,123.0,6.0,3.0,9.0,10.0,0.0,0.0,0.0,0.0,4.0,23.0,,0.0,0.0,5011.0,595.0,68118.0,2.0,Divorced,117.34,3093.0,,11.0,Graduation,3.0,8.0
1.0,0.0,1.0,23.0,3.0,4.0,38.0,28-03-2029,141.0,8.0,3.0,1.0,0.0,1.0,0.0,0.0,0.0,6.0,7.0,0.0,,0.0,5370.0,239.0,,2.0,Married,,3103.0,0.0,11.0,PhD,3.0,7.0
0.0,,,38.0,0.0,2.0,63.0,,142.0,8.0,2.0,4.0,12.0,0.0,0.0,,0.0,8.0,,1.0,2.0,0.0,2928.0,789.0,52614.0,7.0,Single,49.55,3105.0,0.0,11.0,PhD,3.0,2.0
0.0,0.0,1.0,99.0,3.0,7.0,69.0,07-11-2028,27.0,8.0,,1.0,39.0,0.0,0.0,0.0,0.0,5.0,6.0,1.0,3.0,0.0,5314.0,270.0,40689.0,8.0,Together,66.2,3081.0,0.0,11.0,Graduation,3.0,7.0
0.0,0.0,1.0,129.0,10.0,1.0,77.0,03-09-2029,,7.0,1.0,3.0,13.0,0.0,1.0,1.0,0.0,12.0,0.0,0.0,3.0,1.0,3968.0,918.0,65706.0,9.0,,70.85,3100.0,,11.0,2n Cycle,3.0,11.0
0.0,0.0,1.0,0.0,0.0,1.0,80.0,04-01-2030,4.0,7.0,,0.0,0.0,2.0,0.0,0.0,0.0,2.0,0.0,0.0,2.0,0.0,4259.0,6.0,19485.0,6.0,,,3116.0,,11.0,Master,3.0,
0.0,,2.0,21.0,18.0,6.0,50.0,29-10-2028,,6.0,1.0,2.0,,1.0,0.0,0.0,0.0,5.0,13.0,1.0,4.0,0.0,5552.0,81.0,48721.0,,Divorced,108.7,3093.0,0.0,11.0,Master,3.0,4.0
0.0,0.0,,51.0,3.0,3.0,62.0,13-10-2029,81.0,8.0,1.0,1.0,4.0,0.0,,0.0,0.0,5.0,3.0,0.0,2.0,0.0,4697.0,248.0,35416.0,,Divorced,71.38,3079.0,0.0,11.0,Master,3.0,7.0
0.0,0.0,0.0,,11.0,0.0,2.0,22-11-2029,26.0,17.0,1.0,0.0,4.0,0.0,0.0,0.0,0.0,1.0,3.0,0.0,5.0,0.0,4246.0,67.0,6560.0,7.0,Single,67.73,3112.0,0.0,11.0,Master,3.0,1.0
,0.0,1.0,52.0,15.0,3.0,43.0,14-08-2030,93.0,8.0,2.0,1.0,20.0,,0.0,0.0,0.0,4.0,13.0,0.0,3.0,0.0,1717.0,80.0,,5.0,Single,101.97,3118.0,0.0,11.0,Graduation,3.0,5.0
0.0,0.0,2.0,117.0,0.0,4.0,40.0,30-04-2029,193.0,,,3.0,110.0,0.0,0.0,0.0,0.0,11.0,75.0,1.0,,0.0,178.0,478.0,62503.0,8.0,Married,81.91,3086.0,0.0,11.0,,3.0,8.0
0.0,0.0,2.0,185.0,193.0,,57.0,16-04-2030,100.0,3.0,2.0,2.0,46.0,,0.0,0.0,0.0,12.0,185.0,1.0,2.0,0.0,3283.0,200.0,70932.0,2.0,Married,105.64,3102.0,0.0,11.0,2n Cycle,3.0,
0.0,1.0,0.0,45.0,,1.0,1.0,16-01-2029,115.0,5.0,,2.0,30.0,0.0,,0.0,0.0,,160.0,0.0,2.0,0.0,1524.0,709.0,,8.0,Single,,3113.0,1.0,11.0,2n Cycle,3.0,8.0
0.0,0.0,1.0,86.0,,1.0,40.0,17-04-2029,311.0,,2.0,4.0,23.0,0.0,0.0,1.0,0.0,5.0,51.0,0.0,4.0,0.0,7431.0,1332.0,68126.0,3.0,Single,102.43,3121.0,1.0,11.0,,3.0,7.0
0.0,,1.0,27.0,4.0,2.0,59.0,14-05-2029,21.0,7.0,1.0,0.0,6.0,1.0,0.0,0.0,,3.0,0.0,1.0,4.0,0.0,1920.0,44.0,40321.0,10.0,Married,35.63,3102.0,0.0,11.0,,3.0,3.0
0.0,0.0,0.0,0.0,,5.0,7.0,26-06-2028,56.0,,2.0,1.0,0.0,1.0,0.0,0.0,0.0,6.0,0.0,1.0,5.0,,8910.0,194.0,42586.0,9.0,,88.66,,1.0,11.0,,3.0,4.0
,0.0,0.0,42.0,24.0,1.0,31.0,22-08-2030,124.0,2.0,2.0,1.0,,0.0,0.0,0.0,0.0,7.0,15.0,,2.0,0.0,3107.0,,71322.0,2.0,Together,10.15,3106.0,,11.0,Graduation,3.0,4.0
0.0,0.0,1.0,8.0,1.0,1.0,71.0,22-12-2028,10.0,5.0,2.0,0.0,2.0,1.0,0.0,0.0,0.0,3.0,1.0,1.0,2.0,0.0,8629.0,,46984.0,7.0,Widow,67.65,3086.0,0.0,,Graduation,,
0.0,1.0,0.0,73.0,73.0,1.0,63.0,15-07-2029,614.0,3.0,1.0,5.0,133.0,0.0,0.0,0.0,0.0,11.0,102.0,0.0,,0.0,7313.0,,,10.0,Widow,63.24,3079.0,0.0,11.0,2n Cycle,3.0,6.0
,0.0,4.0,10.0,3.0,1.0,54.0,11-03-2030,10.0,6.0,1.0,0.0,11.0,1.0,0.0,0.0,0.0,3.0,2.0,0.0,3.0,0.0,,2.0,31163.0,3.0,Divorced,114.26,3103.0,0.0,11.0,2n Cycle,3.0,1.0
0.0,0.0,2.0,4.0,1.0,1.0,84.0,07-10-2029,7.0,7.0,2.0,0.0,2.0,1.0,0.0,0.0,0.0,2.0,1.0,1.0,4.0,0.0,361.0,5.0,43142.0,10.0,Married,7.88,3099.0,0.0,11.0,Master,3.0,1.0
0.0,0.0,3.0,29.0,5.0,2.0,,22-07-2030,107.0,6.0,2.0,1.0,11.0,1.0,0.0,0.0,0.0,6.0,8.0,0.0,3.0,,7613.0,166.0,49669.0,7.0,Together,85.98,3104.0,0.0,11.0,2n Cycle,3.0,5.0
0.0,0.0,0.0,25.0,89.0,,37.0,19-09-2028,102.0,6.0,1.0,4.0,16.0,0.0,0.0,0.0,0.0,6.0,12.0,1.0,3.0,0.0,2131.0,1063.0,62859.0,1.0,Divorced,12.48,3089.0,0.0,,PhD,3.0,9.0
,,0.0,32.0,21.0,3.0,89.0,,464.0,5.0,2.0,8.0,28.0,0.0,0.0,0.0,0.0,11.0,,1.0,3.0,0.0,,562.0,62745.0,5.0,Married,76.6,3095.0,0.0,11.0,PhD,3.0,7.0
0.0,0.0,0.0,,14.0,3.0,30.0,16-07-2029,36.0,9.0,2.0,1.0,37.0,1.0,0.0,0.0,,2.0,22.0,0.0,1.0,0.0,1087.0,16.0,22669.0,8.0,Together,40.59,3105.0,1.0,11.0,Master,3.0,4.0
0.0,0.0,1.0,30.0,138.0,1.0,,29-01-2029,168.0,6.0,2.0,4.0,36.0,0.0,0.0,0.0,0.0,10.0,46.0,0.0,1.0,0.0,9645.0,920.0,64590.0,6.0,Married,107.31,3098.0,0.0,11.0,Graduation,3.0,
0.0,0.0,1.0,2.0,3.0,2.0,65.0,,16.0,6.0,5.0,,8.0,1.0,0.0,0.0,0.0,3.0,5.0,0.0,,0.0,2589.0,25.0,26759.0,1.0,Divorced,33.28,3102.0,0.0,11.0,Graduation,,2.0
0.0,0.0,2.0,67.0,86.0,1.0,3.0,26-10-2029,559.0,2.0,2.0,6.0,63.0,,0.0,0.0,,4.0,,0.0,3.0,,,,69476.0,,Together,26.66,3099.0,0.0,11.0,,3.0,4.0
0.0,0.0,2.0,38.0,19.0,1.0,62.0,13-07-2030,843.0,2.0,3.0,6.0,25.0,0.0,0.0,0.0,0.0,7.0,95.0,0.0,3.0,,1127.0,938.0,85844.0,2.0,Married,36.28,3103.0,0.0,11.0,PhD,,6.0
0.0,0.0,3.0,11.0,4.0,1.0,3.0,11-03-2030,7.0,7.0,2.0,0.0,15.0,,0.0,0.0,0.0,3.0,8.0,0.0,4.0,0.0,3878.0,3.0,31859.0,10.0,Single,100.59,3110.0,0.0,11.0,2n Cycle,3.0,
,0.0,1.0,27.0,59.0,2.0,97.0,05-05-2029,265.0,6.0,2.0,10.0,115.0,0.0,0.0,0.0,0.0,11.0,59.0,1.0,4.0,0.0,4127.0,1004.0,77766.0,2.0,Married,67.15,3097.0,1.0,,PhD,3.0,11.0
,0.0,1.0,2.0,0.0,2.0,28.0,,8.0,7.0,2.0,0.0,2.0,2.0,0.0,0.0,0.0,3.0,0.0,,3.0,0.0,2826.0,25.0,22574.0,2.0,Married,76.61,3097.0,0.0,11.0,Graduation,,2.0
0.0,0.0,1.0,16.0,0.0,2.0,94.0,20-03-2030,17.0,3.0,4.0,1.0,3.0,2.0,0.0,,0.0,3.0,1.0,1.0,3.0,0.0,1010.0,41.0,46931.0,3.0,Together,37.66,3107.0,0.0,11.0,Graduation,3.0,1.0
0.0,0.0,1.0,5.0,0.0,1.0,31.0,18-02-2030,8.0,3.0,2.0,0.0,2.0,1.0,,0.0,0.0,4.0,1.0,0.0,3.0,,7437.0,13.0,27938.0,6.0,Single,30.37,3118.0,0.0,11.0,Graduation,3.0,1.0
0.0,0.0,1.0,24.0,2.0,3.0,64.0,18-11-2029,51.0,5.0,1.0,1.0,6.0,1.0,0.0,0.0,0.0,5.0,2.0,0.0,2.0,0.0,3570.0,159.0,42731.0,1.0,Together,14.39,3099.0,0.0,11.0,PhD,3.0,4.0
,0.0,3.0,89.0,,1.0,,21-08-2029,44.0,3.0,3.0,,34.0,0.0,0.0,0.0,0.0,3.0,22.0,0.0,3.0,0.0,3033.0,112.0,38620.0,3.0,Together,,3093.0,0.0,11.0,,3.0,2.0
0.0,0.0,2.0,7.0,4.0,4.0,48.0,25-04-2029,17.0,8.0,2.0,,10.0,1.0,0.0,0.0,,3.0,2.0,1.0,2.0,0.0,1160.0,9.0,13260.0,3.0,Married,13.1,3100.0,0.0,11.0,Graduation,3.0,3.0
0.0,,1.0,4.0,8.0,3.0,49.0,22-10-2029,19.0,7.0,,0.0,16.0,1.0,0.0,0.0,0.0,,4.0,0.0,3.0,0.0,5294.0,6.0,18358.0,2.0,Single,105.4,3119.0,0.0,11.0,Graduation,3.0,
0.0,,0.0,71.0,27.0,2.0,92.0,27-02-2029,421.0,4.0,2.0,,13.0,0.0,0.0,,0.0,5.0,195.0,1.0,,0.0,961.0,133.0,74716.0,10.0,Married,47.81,3102.0,0.0,11.0,Graduation,3.0,
0.0,0.0,2.0,45.0,,2.0,92.0,23-03-2028,7.0,8.0,,0.0,0.0,1.0,0.0,,0.0,3.0,10.0,0.0,3.0,0.0,3745.0,5.0,23331.0,7.0,,82.71,3118.0,0.0,11.0,2n Cycle,3.0,3.0
1.0,1.0,3.0,27.0,161.0,,,21-01-2030,430.0,1.0,3.0,,186.0,,0.0,0.0,0.0,6.0,,0.0,4.0,1.0,5538.0,897.0,83829.0,7.0,Divorced,1.06,3105.0,1.0,11.0,Graduation,3.0,4.0
0.0,0.0,0.0,4.0,,2.0,,06-10-2029,13.0,8.0,1.0,0.0,16.0,1.0,0.0,,0.0,3.0,0.0,0.0,3.0,0.0,6398.0,7.0,18393.0,3.0,Married,85.18,3104.0,0.0,11.0,Basic,3.0,3.0
0.0,0.0,,53.0,71.0,1.0,42.0,24-09-2029,860.0,2.0,3.0,2.0,93.0,0.0,,0.0,0.0,,27.0,0.0,2.0,0.0,10469.0,519.0,,5.0,Together,27.91,3111.0,0.0,11.0,Graduation,3.0,6.0
0.0,0.0,2.0,88.0,24.0,6.0,55.0,18-06-2028,68.0,7.0,1.0,2.0,38.0,1.0,0.0,0.0,0.0,6.0,0.0,1.0,3.0,0.0,1343.0,368.0,58554.0,1.0,Together,63.18,3098.0,0.0,11.0,Graduation,3.0,
0.0,0.0,2.0,11.0,3.0,1.0,51.0,26-12-2028,4.0,4.0,2.0,0.0,2.0,0.0,0.0,0.0,0.0,3.0,3.0,0.0,5.0,0.0,8977.0,1.0,16581.0,8.0,Single,29.42,3115.0,0.0,11.0,Basic,,0.0
,0.0,1.0,6.0,2.0,5.0,96.0,08-02-2030,19.0,7.0,,0.0,0.0,,0.0,0.0,0.0,,2.0,1.0,3.0,0.0,24.0,18.0,17144.0,6.0,Together,15.36,3090.0,0.0,11.0,Master,3.0,3.0
0.0,0.0,2.0,18.0,,6.0,80.0,03-12-2028,23.0,8.0,2.0,1.0,0.0,1.0,0.0,0.0,0.0,5.0,0.0,1.0,1.0,0.0,5959.0,158.0,35893.0,5.0,Single,4.12,3098.0,0.0,11.0,Graduation,3.0,3.0
0.0,0.0,1.0,241.0,185.0,1.0,13.0,25-10-2028,687.0,2.0,,6.0,145.0,0.0,0.0,0.0,0.0,,55.0,0.0,4.0,1.0,3698.0,,78687.0,1.0,Together,54.54,3113.0,1.0,11.0,Graduation,,4.0
0.0,0.0,2.0,111.0,129.0,1.0,30.0,06-10-2028,,2.0,1.0,6.0,29.0,0.0,0.0,0.0,0.0,7.0,185.0,0.0,5.0,1.0,8314.0,557.0,79908.0,7.0,Married,53.49,3112.0,0.0,11.0,Graduation,3.0,5.0
0.0,0.0,1.0,54.0,26.0,1.0,73.0,03-01-2030,,2.0,2.0,,44.0,0.0,0.0,0.0,0.0,6.0,18.0,0.0,,0.0,9400.0,630.0,85485.0,5.0,,115.17,3088.0,0.0,11.0,,3.0,6.0
0.0,0.0,1.0,18.0,3.0,5.0,20.0,17-11-2029,115.0,8.0,2.0,1.0,16.0,1.0,0.0,0.0,0.0,5.0,0.0,0.0,1.0,0.0,1381.0,172.0,38513.0,7.0,Single,117.18,,1.0,11.0,PhD,3.0,6.0
0.0,0.0,2.0,248.0,19.0,3.0,21.0,17-04-2029,286.0,3.0,3.0,,50.0,0.0,0.0,0.0,0.0,5.0,38.0,1.0,1.0,0.0,6721.0,572.0,71965.0,5.0,Married,118.3,3081.0,0.0,11.0,Graduation,3.0,6.0
0.0,1.0,,22.0,44.0,1.0,71.0,28-08-2029,935.0,3.0,0.0,5.0,,0.0,0.0,1.0,0.0,12.0,25.0,0.0,3.0,1.0,1172.0,979.0,,7.0,Married,66.41,3113.0,1.0,,PhD,,7.0
0.0,0.0,1.0,0.0,0.0,1.0,78.0,10-09-2029,4.0,5.0,1.0,0.0,0.0,1.0,0.0,0.0,0.0,2.0,0.0,1.0,2.0,0.0,10022.0,12.0,54466.0,1.0,,16.9,3103.0,0.0,11.0,PhD,3.0,1.0
0.0,0.0,2.0,17.0,44.0,1.0,93.0,29-01-2030,382.0,,6.0,7.0,11.0,0.0,0.0,0.0,1.0,13.0,8.0,0.0,3.0,0.0,2875.0,444.0,67023.0,4.0,Married,21.55,3108.0,0.0,11.0,Graduation,3.0,3.0
0.0,0.0,1.0,6.0,12.0,1.0,23.0,13-02-2030,75.0,4.0,2.0,1.0,,0.0,0.0,0.0,0.0,5.0,15.0,,2.0,0.0,3011.0,86.0,69139.0,4.0,,85.41,3095.0,0.0,11.0,Graduation,3.0,4.0
0.0,0.0,,59.0,75.0,3.0,68.0,16-12-2029,96.0,,3.0,2.0,119.0,0.0,0.0,0.0,0.0,8.0,107.0,1.0,3.0,0.0,2118.0,166.0,62905.0,9.0,Married,47.51,,0.0,11.0,2n Cycle,3.0,7.0
0.0,0.0,3.0,,8.0,2.0,,28-05-2028,133.0,7.0,1.0,,56.0,1.0,,0.0,0.0,7.0,56.0,0.0,4.0,0.0,10702.0,185.0,52413.0,,Single,27.96,3114.0,0.0,11.0,Graduation,3.0,7.0
0.0,0.0,3.0,3.0,3.0,2.0,14.0,26-12-2029,19.0,7.0,0.0,0.0,3.0,1.0,0.0,0.0,0.0,3.0,1.0,0.0,4.0,0.0,10795.0,19.0,37401.0,3.0,Married,81.95,3103.0,0.0,11.0,PhD,3.0,2.0
0.0,0.0,2.0,29.0,21.0,1.0,70.0,,442.0,1.0,1.0,,29.0,0.0,,0.0,0.0,13.0,44.0,0.0,3.0,1.0,5796.0,560.0,77437.0,1.0,Married,114.33,3093.0,0.0,11.0,Graduation,3.0,4.0
0.0,,1.0,70.0,169.0,1.0,68.0,15-11-2028,565.0,7.0,1.0,3.0,91.0,0.0,0.0,0.0,0.0,,169.0,0.0,3.0,0.0,10513.0,438.0,63207.0,,Together,106.18,3122.0,0.0,,Graduation,3.0,2.0
0.0,,2.0,7.0,5.0,3.0,37.0,17-09-2029,12.0,5.0,2.0,0.0,4.0,1.0,0.0,0.0,0.0,4.0,8.0,0.0,3.0,0.0,7235.0,2.0,,10.0,Married,95.95,,0.0,11.0,2n Cycle,3.0,2.0
0.0,0.0,1.0,192.0,15.0,2.0,,24-08-2028,47.0,6.0,3.0,4.0,20.0,0.0,0.0,0.0,0.0,3.0,0.0,1.0,4.0,0.0,9847.0,313.0,62972.0,5.0,Married,,3085.0,0.0,11.0,,3.0,7.0
0.0,0.0,2.0,125.0,,2.0,83.0,06-07-2028,309.0,3.0,4.0,4.0,0.0,0.0,0.0,0.0,0.0,8.0,22.0,1.0,3.0,0.0,3523.0,583.0,75072.0,4.0,,49.9,3092.0,0.0,11.0,Graduation,3.0,5.0
0.0,1.0,0.0,108.0,108.0,,26.0,22-01-2029,649.0,2.0,3.0,,253.0,0.0,0.0,0.0,0.0,12.0,151.0,0.0,3.0,0.0,5453.0,1083.0,90226.0,8.0,Married,58.19,3086.0,0.0,11.0,Master,3.0,4.0
,0.0,2.0,,4.0,1.0,52.0,02-01-2029,10.0,6.0,1.0,1.0,29.0,1.0,0.0,0.0,0.0,2.0,0.0,,3.0,,9733.0,1.0,24882.0,,Together,,3108.0,0.0,,Basic,3.0,1.0
0.0,0.0,1.0,40.0,102.0,1.0,96.0,18-05-2028,838.0,2.0,,6.0,133.0,0.0,0.0,0.0,,10.0,102.0,0.0,5.0,0.0,5830.0,899.0,86857.0,,,12.79,3102.0,1.0,11.0,PhD,3.0,5.0
0.0,0.0,2.0,4.0,4.0,2.0,34.0,05-07-2030,10.0,5.0,2.0,0.0,2.0,0.0,0.0,0.0,0.0,,2.0,0.0,3.0,0.0,6864.0,8.0,10979.0,9.0,Divorced,,3119.0,0.0,11.0,Master,,3.0
0.0,1.0,1.0,12.0,0.0,,70.0,03-03-2029,72.0,6.0,2.0,8.0,0.0,,0.0,1.0,0.0,10.0,12.0,1.0,3.0,0.0,2886.0,1121.0,74290.0,6.0,Divorced,31.76,3101.0,0.0,11.0,Master,3.0,10.0
0.0,0.0,1.0,29.0,5.0,2.0,40.0,27-06-2028,137.0,7.0,3.0,1.0,26.0,0.0,0.0,0.0,0.0,5.0,23.0,1.0,,0.0,2308.0,,46734.0,1.0,Married,61.56,3084.0,0.0,,,3.0,6.0
,0.0,3.0,5.0,4.0,2.0,45.0,10-07-2029,18.0,7.0,0.0,0.0,7.0,1.0,0.0,0.0,0.0,3.0,5.0,0.0,3.0,0.0,1715.0,,25851.0,,,82.58,3108.0,0.0,11.0,Graduation,3.0,2.0
0.0,0.0,2.0,15.0,3.0,1.0,75.0,07-08-2029,6.0,7.0,5.0,1.0,3.0,1.0,0.0,0.0,0.0,,6.0,0.0,4.0,0.0,8082.0,,25721.0,10.0,Married,71.09,3101.0,,11.0,Graduation,3.0,1.0
0.0,0.0,2.0,102.0,3.0,2.0,38.0,18-10-2028,42.0,6.0,,5.0,4.0,1.0,0.0,0.0,0.0,3.0,3.0,0.0,3.0,0.0,5036.0,252.0,42710.0,8.0,Single,65.84,3114.0,0.0,,PhD,3.0,4.0
0.0,0.0,0.0,21.0,8.0,4.0,7.0,11-05-2029,11.0,7.0,0.0,2.0,3.0,1.0,0.0,0.0,,2.0,8.0,0.0,4.0,0.0,10659.0,2.0,7500.0,3.0,Together,46.0,3109.0,0.0,11.0,2n Cycle,,3.0
,0.0,,1.0,0.0,1.0,6.0,11-07-2030,3.0,7.0,1.0,0.0,0.0,1.0,0.0,0.0,0.0,2.0,0.0,1.0,3.0,0.0,8275.0,16.0,47025.0,2.0,,67.12,3095.0,0.0,11.0,PhD,3.0,1.0
0.0,,,7.0,,1.0,98.0,20-08-2029,11.0,5.0,2.0,0.0,2.0,0.0,,0.0,0.0,4.0,3.0,1.0,6.0,,2202.0,44.0,41154.0,3.0,,116.58,3108.0,0.0,11.0,Graduation,3.0,1.0
0.0,0.0,3.0,50.0,20.0,1.0,34.0,17-04-2029,171.0,5.0,0.0,7.0,65.0,0.0,0.0,0.0,0.0,9.0,,1.0,3.0,0.0,2797.0,707.0,72117.0,9.0,Married,27.99,3107.0,0.0,11.0,Graduation,3.0,9.0
0.0,0.0,,58.0,58.0,5.0,10.0,16-03-2029,73.0,5.0,4.0,4.0,65.0,0.0,0.0,0.0,0.0,5.0,89.0,1.0,4.0,0.0,8026.0,120.0,62998.0,4.0,Married,12.53,,0.0,11.0,Graduation,3.0,5.0
0.0,0.0,1.0,,50.0,1.0,56.0,03-07-2029,100.0,4.0,2.0,,55.0,0.0,0.0,0.0,0.0,,30.0,1.0,3.0,0.0,1630.0,,61825.0,3.0,Single,33.61,3109.0,,11.0,Graduation,3.0,4.0
,0.0,3.0,21.0,10.0,4.0,8.0,21-03-2029,86.0,5.0,3.0,9.0,13.0,0.0,0.0,0.0,0.0,11.0,21.0,1.0,3.0,0.0,,948.0,64108.0,4.0,Single,106.87,3083.0,0.0,11.0,PhD,3.0,6.0
1.0,0.0,1.0,30.0,17.0,4.0,21.0,06-07-2028,52.0,8.0,0.0,1.0,3.0,1.0,,0.0,0.0,4.0,19.0,0.0,5.0,0.0,195.0,125.0,38808.0,2.0,Single,,3102.0,1.0,11.0,Graduation,3.0,5.0
0.0,0.0,2.0,29.0,44.0,1.0,73.0,10-09-2028,603.0,1.0,2.0,,95.0,0.0,0.0,0.0,0.0,12.0,58.0,0.0,2.0,0.0,9029.0,707.0,,2.0,Married,,3102.0,0.0,11.0,PhD,3.0,2.0
0.0,0.0,1.0,5.0,,,61.0,06-01-2029,,8.0,1.0,0.0,3.0,0.0,0.0,0.0,0.0,2.0,0.0,1.0,5.0,0.0,10710.0,5.0,7500.0,2.0,Married,32.64,3109.0,0.0,11.0,Graduation,3.0,1.0
,0.0,1.0,52.0,0.0,4.0,62.0,12-03-2029,55.0,8.0,3.0,2.0,0.0,0.0,0.0,,0.0,5.0,6.0,1.0,3.0,0.0,182.0,284.0,44124.0,3.0,,59.27,3076.0,0.0,11.0,PhD,3.0,6.0
0.0,0.0,1.0,61.0,168.0,,,13-09-2028,,2.0,6.0,6.0,80.0,0.0,0.0,0.0,,4.0,76.0,0.0,3.0,0.0,6543.0,,62847.0,10.0,Together,51.36,3075.0,0.0,11.0,Master,3.0,3.0
0.0,1.0,,0.0,0.0,1.0,46.0,23-12-2029,617.0,2.0,2.0,8.0,43.0,0.0,0.0,1.0,0.0,13.0,50.0,0.0,5.0,,7875.0,967.0,72025.0,7.0,Married,52.88,3079.0,1.0,11.0,Graduation,3.0,
0.0,0.0,1.0,8.0,3.0,3.0,40.0,10-07-2029,19.0,6.0,3.0,0.0,3.0,1.0,0.0,0.0,0.0,3.0,3.0,0.0,4.0,0.0,1458.0,8.0,21059.0,1.0,Married,83.22,3112.0,0.0,11.0,Master,3.0,3.0
0.0,0.0,0.0,,0.0,1.0,8.0,30-07-2029,7.0,8.0,1.0,0.0,2.0,1.0,0.0,,0.0,2.0,,,3.0,0.0,7284.0,10.0,48686.0,10.0,,40.43,3083.0,0.0,11.0,Graduation,3.0,1.0
0.0,0.0,,,3.0,1.0,54.0,11-11-2029,10.0,6.0,2.0,0.0,11.0,1.0,0.0,0.0,,3.0,2.0,0.0,4.0,0.0,5751.0,2.0,31163.0,4.0,Divorced,118.88,3103.0,0.0,11.0,2n Cycle,3.0,1.0
0.0,0.0,2.0,64.0,10.0,4.0,15.0,19-10-2028,46.0,10.0,4.0,1.0,2.0,1.0,0.0,0.0,0.0,2.0,3.0,0.0,4.0,0.0,,88.0,21888.0,,,89.97,3116.0,1.0,11.0,Master,3.0,5.0
0.0,0.0,2.0,196.0,98.0,1.0,21.0,12-11-2028,,3.0,5.0,5.0,,0.0,,0.0,0.0,12.0,70.0,0.0,3.0,0.0,8643.0,252.0,69930.0,1.0,Together,81.29,3101.0,0.0,11.0,Graduation,3.0,4.0
0.0,0.0,4.0,23.0,7.0,4.0,14.0,19-09-2029,,8.0,3.0,2.0,0.0,0.0,0.0,1.0,0.0,7.0,7.0,1.0,3.0,0.0,10507.0,691.0,,4.0,,23.92,3107.0,,11.0,2n Cycle,3.0,2.0
,0.0,3.0,2.0,0.0,,78.0,,15.0,8.0,3.0,0.0,,1.0,0.0,0.0,0.0,3.0,1.0,0.0,3.0,0.0,10536.0,26.0,,9.0,,24.32,,0.0,11.0,PhD,,3.0
0.0,0.0,1.0,46.0,,1.0,47.0,13-09-2028,,,4.0,1.0,8.0,0.0,0.0,0.0,0.0,2.0,6.0,,3.0,0.0,524.0,2.0,22634.0,,Together,30.08,3096.0,0.0,11.0,Basic,3.0,2.0
1.0,0.0,2.0,67.0,1.0,5.0,69.0,15-07-2029,41.0,6.0,1.0,3.0,10.0,1.0,0.0,0.0,0.0,3.0,1.0,1.0,2.0,0.0,9905.0,135.0,34074.0,2.0,Together,,3082.0,0.0,11.0,Graduation,3.0,3.0
0.0,0.0,,3.0,4.0,,40.0,18-10-2028,15.0,7.0,2.0,0.0,3.0,1.0,0.0,0.0,0.0,,5.0,1.0,4.0,,1403.0,8.0,34984.0,8.0,Together,,3105.0,,11.0,2n Cycle,3.0,
,0.0,2.0,246.0,172.0,1.0,18.0,21-04-2029,74.0,1.0,3.0,10.0,38.0,0.0,0.0,0.0,0.0,10.0,8.0,0.0,2.0,0.0,7000.0,279.0,65704.0,8.0,Single,109.08,3102.0,,11.0,2n Cycle,3.0,2.0
0.0,0.0,1.0,13.0,4.0,1.0,13.0,13-06-2029,89.0,4.0,0.0,,,0.0,0.0,,0.0,9.0,8.0,0.0,4.0,0.0,5626.0,338.0,61798.0,8.0,,90.07,3094.0,0.0,11.0,PhD,3.0,4.0
0.0,0.0,0.0,,1.0,3.0,22.0,21-10-2028,22.0,7.0,4.0,0.0,3.0,1.0,0.0,0.0,0.0,4.0,4.0,1.0,2.0,0.0,2371.0,39.0,33622.0,8.0,Married,68.44,3102.0,0.0,11.0,Graduation,3.0,2.0
0.0,0.0,,76.0,23.0,1.0,18.0,21-11-2029,424.0,1.0,,10.0,27.0,0.0,0.0,0.0,0.0,13.0,,0.0,2.0,0.0,535.0,163.0,81361.0,8.0,,12.64,,0.0,11.0,Graduation,3.0,3.0
,0.0,3.0,0.0,19.0,1.0,9.0,07-12-2029,403.0,3.0,2.0,6.0,0.0,0.0,0.0,1.0,0.0,6.0,19.0,0.0,2.0,1.0,8362.0,1478.0,,5.0,Married,57.94,3112.0,1.0,11.0,PhD,3.0,7.0
0.0,0.0,1.0,27.0,65.0,4.0,34.0,29-09-2028,164.0,6.0,3.0,3.0,50.0,0.0,0.0,,0.0,7.0,49.0,1.0,3.0,0.0,965.0,,55635.0,,Divorced,,3101.0,,,Graduation,,7.0
0.0,0.0,0.0,0.0,,5.0,,13-12-2028,,8.0,,1.0,0.0,1.0,0.0,0.0,0.0,6.0,0.0,1.0,3.0,,10905.0,194.0,42586.0,5.0,Together,117.49,3085.0,1.0,11.0,Graduation,3.0,4.0
0.0,0.0,2.0,2.0,0.0,2.0,20.0,04-04-2029,9.0,8.0,4.0,,0.0,1.0,,,0.0,3.0,0.0,1.0,4.0,0.0,7444.0,,,9.0,Married,76.97,3099.0,0.0,11.0,Master,3.0,1.0
0.0,0.0,1.0,15.0,12.0,,70.0,21-08-2029,112.0,7.0,1.0,1.0,,0.0,0.0,0.0,,5.0,0.0,1.0,,,5491.0,172.0,47352.0,,Together,80.37,3081.0,0.0,11.0,,3.0,6.0
0.0,0.0,0.0,12.0,0.0,1.0,73.0,08-09-2030,591.0,1.0,1.0,5.0,156.0,0.0,0.0,0.0,0.0,,0.0,0.0,3.0,0.0,7106.0,,75865.0,5.0,Married,115.77,3073.0,0.0,11.0,PhD,3.0,3.0
1.0,0.0,,77.0,185.0,1.0,19.0,30-06-2029,575.0,4.0,4.0,3.0,24.0,0.0,0.0,0.0,0.0,9.0,25.0,0.0,4.0,,9242.0,836.0,64509.0,1.0,Single,52.92,3120.0,1.0,11.0,Graduation,,6.0
0.0,0.0,0.0,11.0,3.0,1.0,81.0,19-09-2029,15.0,7.0,3.0,0.0,2.0,1.0,0.0,,0.0,3.0,1.0,0.0,2.0,0.0,1655.0,16.0,34350.0,8.0,Together,30.27,3109.0,0.0,11.0,Graduation,,1.0
0.0,0.0,1.0,22.0,6.0,4.0,0.0,17-07-2029,57.0,4.0,2.0,1.0,13.0,1.0,0.0,0.0,0.0,5.0,13.0,1.0,2.0,0.0,837.0,63.0,,9.0,Married,76.31,3107.0,0.0,11.0,Graduation,3.0,2.0
0.0,0.0,2.0,139.0,27.0,3.0,96.0,23-03-2029,44.0,5.0,4.0,2.0,4.0,0.0,0.0,,0.0,6.0,146.0,1.0,,0.0,5748.0,115.0,59754.0,,Married,,3095.0,1.0,11.0,Graduation,3.0,
0.0,1.0,2.0,26.0,40.0,1.0,,05-07-2030,480.0,1.0,2.0,5.0,0.0,0.0,0.0,,0.0,12.0,40.0,0.0,3.0,1.0,10767.0,760.0,77845.0,3.0,Together,65.09,3119.0,0.0,11.0,PhD,3.0,3.0
0.0,,0.0,47.0,29.0,2.0,30.0,13-04-2030,56.0,3.0,1.0,2.0,,0.0,0.0,0.0,0.0,7.0,32.0,1.0,3.0,0.0,2625.0,156.0,,5.0,Single,22.13,3084.0,0.0,,2n Cycle,3.0,3.0
,0.0,2.0,203.0,129.0,,32.0,26-03-2029,573.0,4.0,3.0,7.0,216.0,0.0,0.0,0.0,0.0,9.0,21.0,0.0,2.0,1.0,4543.0,777.0,82497.0,4.0,Married,4.4,3110.0,0.0,11.0,Graduation,3.0,2.0
0.0,0.0,1.0,8.0,22.0,5.0,3.0,15-04-2029,202.0,4.0,,2.0,39.0,0.0,0.0,0.0,0.0,9.0,30.0,,2.0,0.0,4827.0,154.0,,4.0,Single,115.12,3086.0,1.0,,PhD,3.0,4.0
0.0,0.0,2.0,21.0,,6.0,66.0,,26.0,,2.0,1.0,0.0,0.0,0.0,0.0,,,0.0,2.0,4.0,,4599.0,411.0,49681.0,1.0,Married,82.85,3106.0,,11.0,Master,3.0,7.0
0.0,0.0,1.0,15.0,3.0,,,30-07-2029,28.0,6.0,2.0,1.0,2.0,0.0,0.0,0.0,0.0,4.0,,1.0,,0.0,2564.0,111.0,61278.0,7.0,Together,1.63,3083.0,0.0,11.0,Graduation,3.0,3.0
0.0,0.0,1.0,26.0,44.0,1.0,68.0,12-03-2029,534.0,2.0,2.0,5.0,17.0,0.0,0.0,0.0,0.0,12.0,0.0,0.0,2.0,0.0,7290.0,347.0,70596.0,7.0,,,3115.0,0.0,11.0,Graduation,3.0,3.0
0.0,0.0,1.0,54.0,72.0,4.0,48.0,07-10-2028,270.0,5.0,1.0,2.0,36.0,1.0,0.0,0.0,,12.0,27.0,,1.0,0.0,3852.0,505.0,74881.0,8.0,Together,64.75,3091.0,0.0,11.0,Master,3.0,9.0
0.0,0.0,0.0,0.0,2.0,2.0,,16-07-2030,17.0,7.0,2.0,0.0,2.0,1.0,,0.0,0.0,3.0,1.0,1.0,3.0,0.0,6983.0,23.0,38054.0,1.0,Divorced,105.69,3080.0,0.0,,Master,3.0,
0.0,0.0,3.0,20.0,5.0,2.0,81.0,,,7.0,1.0,,3.0,0.0,0.0,0.0,0.0,4.0,2.0,1.0,,0.0,11166.0,229.0,49678.0,7.0,Married,35.86,3091.0,,11.0,Graduation,3.0,6.0
0.0,0.0,1.0,4.0,,2.0,22.0,25-03-2029,28.0,8.0,1.0,1.0,13.0,0.0,0.0,0.0,0.0,4.0,1.0,1.0,4.0,0.0,4088.0,108.0,31497.0,7.0,Together,110.62,,0.0,11.0,PhD,3.0,3.0
0.0,0.0,2.0,20.0,,2.0,46.0,09-11-2029,11.0,6.0,0.0,1.0,0.0,0.0,0.0,0.0,0.0,,1.0,1.0,5.0,0.0,8945.0,171.0,54137.0,1.0,Divorced,13.21,,0.0,11.0,Graduation,3.0,4.0
0.0,,1.0,2.0,1.0,1.0,3.0,,11.0,7.0,4.0,0.0,0.0,1.0,0.0,0.0,0.0,3.0,1.0,0.0,4.0,,3896.0,22.0,27255.0,8.0,Married,90.52,3114.0,0.0,11.0,Graduation,3.0,1.0
0.0,0.0,2.0,96.0,120.0,1.0,29.0,28-12-2029,915.0,1.0,1.0,4.0,94.0,0.0,0.0,0.0,0.0,,144.0,0.0,3.0,1.0,5350.0,1156.0,90638.0,,Single,56.89,3121.0,1.0,11.0,Master,3.0,3.0
0.0,0.0,3.0,42.0,3.0,1.0,74.0,20-10-2028,47.0,8.0,,2.0,19.0,0.0,0.0,0.0,0.0,2.0,21.0,0.0,4.0,0.0,9460.0,,22419.0,1.0,Married,,3093.0,0.0,,Graduation,3.0,3.0
0.0,0.0,,24.0,4.0,3.0,63.0,,94.0,5.0,0.0,2.0,12.0,0.0,0.0,0.0,0.0,8.0,9.0,1.0,3.0,0.0,,376.0,54591.0,8.0,Together,109.33,3079.0,0.0,11.0,Graduation,,6.0
0.0,0.0,1.0,9.0,3.0,,94.0,30-07-2029,6.0,5.0,0.0,0.0,10.0,1.0,,0.0,0.0,3.0,0.0,0.0,5.0,0.0,3829.0,1.0,24594.0,,Together,89.15,3109.0,0.0,11.0,Basic,3.0,1.0
,0.0,1.0,18.0,1.0,1.0,10.0,,13.0,7.0,4.0,1.0,2.0,1.0,0.0,0.0,0.0,2.0,2.0,0.0,,0.0,4301.0,,,4.0,Married,66.11,3101.0,,,Master,3.0,1.0
0.0,0.0,2.0,81.0,26.0,1.0,33.0,24-12-2029,255.0,1.0,5.0,4.0,35.0,0.0,0.0,0.0,0.0,7.0,71.0,,,0.0,7725.0,173.0,76800.0,10.0,Married,,3095.0,0.0,11.0,2n Cycle,3.0,4.0
0.0,0.0,2.0,45.0,11.0,2.0,71.0,,16.0,8.0,2.0,2.0,21.0,,0.0,0.0,0.0,2.0,,0.0,2.0,0.0,7620.0,5.0,16185.0,7.0,Single,27.92,3120.0,0.0,11.0,Basic,3.0,2.0
0.0,0.0,2.0,53.0,61.0,1.0,51.0,15-12-2028,265.0,1.0,0.0,4.0,138.0,0.0,0.0,0.0,0.0,6.0,61.0,0.0,4.0,0.0,9308.0,,62820.0,5.0,Married,1.06,,0.0,11.0,Graduation,3.0,3.0
0.0,0.0,2.0,35.0,15.0,1.0,72.0,15-06-2030,,3.0,6.0,4.0,67.0,0.0,0.0,0.0,0.0,6.0,,0.0,1.0,0.0,713.0,141.0,50353.0,5.0,Married,19.1,3107.0,0.0,11.0,Master,3.0,4.0
0.0,0.0,1.0,6.0,0.0,2.0,15.0,17-08-2028,42.0,7.0,2.0,1.0,2.0,1.0,0.0,0.0,0.0,4.0,1.0,0.0,5.0,0.0,4713.0,,31605.0,5.0,Married,80.05,3109.0,0.0,11.0,PhD,3.0,2.0
0.0,0.0,0.0,76.0,15.0,1.0,98.0,15-09-2029,,2.0,1.0,6.0,99.0,0.0,1.0,1.0,0.0,12.0,,,3.0,,9757.0,997.0,84906.0,7.0,Together,114.25,3102.0,0.0,11.0,Graduation,3.0,5.0
,,2.0,15.0,15.0,3.0,,11-03-2029,287.0,,2.0,4.0,,1.0,0.0,1.0,0.0,7.0,0.0,2.0,3.0,1.0,9499.0,,93404.0,2.0,Married,54.99,,0.0,,Graduation,3.0,3.0
0.0,0.0,2.0,4.0,,2.0,92.0,05-12-2029,66.0,3.0,1.0,2.0,17.0,0.0,0.0,0.0,0.0,10.0,4.0,1.0,3.0,0.0,7938.0,350.0,51518.0,2.0,Together,108.16,3088.0,0.0,11.0,PhD,3.0,3.0
0.0,0.0,1.0,4.0,0.0,2.0,56.0,27-04-2030,16.0,7.0,5.0,0.0,0.0,0.0,0.0,0.0,0.0,4.0,1.0,1.0,3.0,0.0,5180.0,128.0,50616.0,8.0,Divorced,17.33,3098.0,0.0,11.0,PhD,3.0,4.0
,0.0,3.0,8.0,6.0,1.0,82.0,07-11-2029,21.0,6.0,0.0,1.0,11.0,1.0,0.0,0.0,0.0,3.0,4.0,0.0,4.0,0.0,1250.0,34.0,,8.0,Single,105.21,3106.0,0.0,11.0,Graduation,3.0,2.0
0.0,0.0,4.0,89.0,5.0,3.0,53.0,24-11-2028,39.0,8.0,3.0,2.0,17.0,0.0,0.0,,0.0,4.0,0.0,1.0,2.0,0.0,4188.0,204.0,36864.0,5.0,Single,39.1,3087.0,1.0,11.0,Graduation,3.0,5.0
0.0,0.0,,54.0,10.0,1.0,66.0,12-04-2029,,1.0,1.0,4.0,254.0,0.0,0.0,0.0,0.0,9.0,,0.0,3.0,0.0,0.0,239.0,70951.0,9.0,Married,61.28,3115.0,0.0,11.0,Graduation,,3.0
,0.0,0.0,31.0,151.0,1.0,28.0,26-03-2030,573.0,1.0,4.0,,98.0,,0.0,,,9.0,54.0,0.0,,0.0,6652.0,227.0,77343.0,8.0,Married,48.22,3095.0,0.0,11.0,Graduation,3.0,3.0
0.0,0.0,2.0,10.0,0.0,1.0,,18-03-2029,11.0,6.0,,0.0,0.0,,0.0,1.0,0.0,4.0,0.0,1.0,,0.0,2061.0,78.0,50737.0,10.0,Married,1.71,3085.0,,11.0,Graduation,3.0,2.0
0.0,0.0,1.0,14.0,2.0,2.0,99.0,12-10-2028,88.0,8.0,,1.0,15.0,1.0,0.0,0.0,0.0,5.0,5.0,,3.0,0.0,22.0,185.0,46310.0,7.0,Divorced,32.28,3106.0,0.0,11.0,Graduation,3.0,
0.0,0.0,,,,9.0,11.0,10-09-2029,26.0,7.0,3.0,3.0,0.0,1.0,0.0,1.0,0.0,6.0,0.0,2.0,5.0,,2552.0,,55521.0,6.0,Single,62.96,3085.0,1.0,11.0,,3.0,6.0
0.0,0.0,0.0,147.0,,3.0,95.0,21-12-2029,21.0,7.0,3.0,1.0,12.0,0.0,0.0,0.0,0.0,5.0,6.0,1.0,2.0,0.0,3117.0,264.0,,5.0,Single,45.65,3085.0,0.0,,,3.0,6.0
0.0,0.0,2.0,12.0,12.0,,53.0,16-05-2029,,7.0,2.0,0.0,3.0,1.0,0.0,0.0,0.0,3.0,5.0,0.0,4.0,0.0,3276.0,11.0,36301.0,10.0,,94.8,3106.0,0.0,11.0,2n Cycle,3.0,3.0
0.0,0.0,0.0,80.0,80.0,1.0,6.0,28-02-2030,466.0,3.0,6.0,9.0,17.0,0.0,0.0,0.0,0.0,5.0,,,3.0,0.0,10673.0,760.0,68397.0,7.0,Married,96.45,3106.0,0.0,11.0,PhD,3.0,6.0
,0.0,0.0,88.0,6.0,3.0,37.0,11-01-2029,97.0,6.0,1.0,1.0,24.0,,,0.0,0.0,5.0,12.0,1.0,1.0,0.0,10377.0,170.0,46692.0,8.0,Together,80.37,3088.0,0.0,11.0,Master,3.0,6.0
0.0,,1.0,13.0,7.0,3.0,32.0,,7.0,5.0,,2.0,6.0,1.0,0.0,0.0,0.0,2.0,4.0,0.0,4.0,0.0,948.0,4.0,10245.0,10.0,,5.79,3101.0,0.0,11.0,Graduation,3.0,
0.0,0.0,1.0,41.0,112.0,1.0,31.0,30-12-2028,417.0,5.0,1.0,9.0,42.0,0.0,0.0,0.0,0.0,13.0,48.0,0.0,,0.0,3262.0,,68281.0,,Single,94.81,3088.0,,11.0,Graduation,3.0,2.0
1.0,0.0,1.0,11.0,3.0,1.0,34.0,19-07-2029,7.0,7.0,,,0.0,1.0,0.0,0.0,0.0,2.0,3.0,0.0,3.0,,2281.0,4.0,33697.0,3.0,Single,,3100.0,,11.0,Graduation,3.0,1.0
0.0,0.0,2.0,183.0,22.0,1.0,17.0,,132.0,4.0,2.0,6.0,59.0,0.0,,0.0,0.0,8.0,28.0,0.0,1.0,1.0,,412.0,89891.0,6.0,Together,55.94,3121.0,0.0,11.0,Graduation,3.0,11.0
0.0,0.0,2.0,1.0,0.0,1.0,36.0,25-04-2030,12.0,7.0,2.0,0.0,3.0,1.0,0.0,0.0,0.0,3.0,1.0,0.0,4.0,0.0,6885.0,38.0,32952.0,10.0,,30.8,3107.0,0.0,,Graduation,3.0,
0.0,,1.0,67.0,38.0,1.0,73.0,25-04-2030,67.0,3.0,0.0,1.0,33.0,0.0,0.0,0.0,0.0,6.0,36.0,1.0,3.0,0.0,176.0,90.0,67506.0,3.0,Single,104.04,3110.0,0.0,,2n Cycle,3.0,4.0
0.0,,3.0,43.0,32.0,2.0,48.0,01-02-2029,162.0,6.0,2.0,4.0,42.0,1.0,0.0,0.0,0.0,11.0,32.0,0.0,3.0,0.0,,824.0,69508.0,8.0,Together,11.96,3110.0,,11.0,,,
0.0,0.0,2.0,12.0,3.0,1.0,29.0,20-08-2029,6.0,4.0,,0.0,4.0,0.0,0.0,0.0,0.0,,2.0,0.0,2.0,0.0,153.0,19.0,,,Divorced,110.4,3083.0,0.0,11.0,Graduation,3.0,1.0
1.0,1.0,1.0,38.0,14.0,1.0,19.0,30-09-2029,309.0,5.0,5.0,10.0,201.0,0.0,,0.0,0.0,10.0,24.0,1.0,,0.0,9369.0,688.0,88194.0,8.0,Single,119.42,3109.0,1.0,11.0,2n Cycle,3.0,11.0
0.0,0.0,1.0,195.0,10.0,2.0,61.0,26-06-2029,217.0,4.0,1.0,6.0,,0.0,0.0,0.0,0.0,13.0,174.0,1.0,1.0,0.0,3828.0,533.0,71107.0,6.0,Married,107.08,3081.0,0.0,11.0,Graduation,3.0,7.0
0.0,,3.0,31.0,0.0,3.0,11.0,10-03-2029,22.0,7.0,3.0,1.0,2.0,0.0,0.0,0.0,0.0,4.0,1.0,1.0,3.0,0.0,9860.0,159.0,44911.0,8.0,Together,3.75,3089.0,0.0,11.0,Graduation,3.0,4.0
0.0,,3.0,15.0,2.0,1.0,12.0,27-04-2029,46.0,,4.0,2.0,20.0,0.0,0.0,0.0,0.0,4.0,4.0,0.0,1.0,0.0,,154.0,42670.0,1.0,Together,101.09,3122.0,0.0,11.0,Master,,4.0
0.0,0.0,2.0,4.0,9.0,3.0,28.0,24-10-2028,,7.0,,,6.0,0.0,0.0,0.0,0.0,8.0,9.0,2.0,5.0,0.0,9973.0,370.0,50437.0,5.0,,25.56,3093.0,0.0,11.0,Graduation,3.0,7.0
,0.0,2.0,88.0,132.0,1.0,74.0,,693.0,2.0,3.0,11.0,27.0,0.0,0.0,0.0,0.0,7.0,118.0,0.0,2.0,0.0,9292.0,324.0,,8.0,Married,80.49,3082.0,0.0,,Graduation,3.0,4.0
0.0,,1.0,1.0,,2.0,49.0,26-09-2028,20.0,9.0,0.0,0.0,,1.0,0.0,0.0,0.0,3.0,0.0,1.0,3.0,0.0,679.0,13.0,37633.0,,Married,,3087.0,,11.0,PhD,3.0,1.0
0.0,0.0,1.0,134.0,124.0,1.0,84.0,09-07-2029,249.0,3.0,2.0,5.0,50.0,,0.0,0.0,0.0,,38.0,0.0,2.0,0.0,819.0,,63285.0,3.0,Widow,86.78,,0.0,11.0,,,6.0
0.0,0.0,1.0,43.0,73.0,1.0,6.0,20-05-2030,380.0,2.0,1.0,9.0,114.0,0.0,0.0,1.0,0.0,,73.0,,2.0,0.0,6343.0,835.0,79823.0,7.0,,68.36,3089.0,0.0,11.0,Graduation,,6.0
0.0,0.0,0.0,108.0,72.0,1.0,60.0,,567.0,1.0,1.0,4.0,94.0,0.0,0.0,,0.0,10.0,12.0,0.0,4.0,0.0,3434.0,483.0,80872.0,9.0,Single,109.1,3081.0,0.0,11.0,Graduation,3.0,4.0
0.0,0.0,2.0,29.0,162.0,1.0,77.0,24-11-2029,387.0,3.0,1.0,10.0,106.0,0.0,,0.0,0.0,8.0,36.0,1.0,5.0,0.0,10584.0,225.0,65665.0,3.0,Married,69.15,3106.0,0.0,11.0,Graduation,3.0,5.0
0.0,1.0,1.0,17.0,53.0,,15.0,20-02-2029,804.0,3.0,1.0,4.0,23.0,0.0,0.0,0.0,0.0,8.0,71.0,0.0,4.0,,9493.0,,76412.0,10.0,Single,79.57,3110.0,1.0,,PhD,3.0,5.0
0.0,0.0,2.0,1.0,3.0,3.0,3.0,20-02-2030,16.0,6.0,3.0,0.0,0.0,1.0,0.0,0.0,0.0,,4.0,1.0,2.0,0.0,4098.0,20.0,24639.0,3.0,Married,64.27,3103.0,0.0,11.0,Graduation,3.0,2.0
,0.0,0.0,98.0,98.0,1.0,76.0,13-01-2029,606.0,,1.0,2.0,48.0,,0.0,0.0,,,70.0,0.0,6.0,1.0,6810.0,267.0,82025.0,,Divorced,20.53,3113.0,1.0,11.0,Graduation,3.0,3.0
1.0,0.0,0.0,33.0,15.0,2.0,69.0,03-11-2028,27.0,8.0,0.0,1.0,0.0,1.0,0.0,0.0,0.0,2.0,20.0,0.0,3.0,0.0,7912.0,8.0,38136.0,7.0,Married,,3108.0,0.0,11.0,Graduation,3.0,3.0
0.0,0.0,1.0,43.0,86.0,1.0,99.0,23-04-2030,208.0,,3.0,,177.0,0.0,,,0.0,5.0,14.0,0.0,2.0,0.0,1743.0,,69719.0,9.0,Single,27.86,3104.0,0.0,11.0,Graduation,,2.0
0.0,0.0,2.0,152.0,,7.0,37.0,14-02-2028,133.0,7.0,3.0,5.0,0.0,0.0,0.0,0.0,0.0,,28.0,1.0,3.0,0.0,6439.0,789.0,61074.0,6.0,Married,17.5,3088.0,0.0,11.0,Graduation,3.0,11.0
0.0,0.0,2.0,36.0,12.0,2.0,30.0,02-06-2029,59.0,8.0,0.0,0.0,19.0,1.0,0.0,0.0,0.0,,1.0,0.0,1.0,0.0,10602.0,29.0,39922.0,5.0,Married,34.55,3113.0,0.0,11.0,Graduation,3.0,3.0
0.0,0.0,3.0,3.0,0.0,,72.0,28-07-2029,13.0,7.0,0.0,0.0,0.0,1.0,0.0,,0.0,3.0,0.0,,3.0,0.0,1030.0,,40637.0,3.0,Single,,3095.0,0.0,11.0,PhD,3.0,1.0
1.0,0.0,2.0,9.0,2.0,1.0,56.0,,12.0,8.0,1.0,0.0,,1.0,0.0,0.0,0.0,2.0,1.0,0.0,1.0,,10913.0,,31385.0,,Single,64.84,3114.0,1.0,11.0,Master,3.0,1.0
0.0,0.0,2.0,10.0,0.0,1.0,29.0,03-01-2030,7.0,6.0,1.0,0.0,3.0,0.0,0.0,0.0,0.0,3.0,7.0,0.0,3.0,0.0,9316.0,2.0,13084.0,9.0,Together,,3082.0,0.0,11.0,Basic,3.0,
0.0,,,28.0,1.0,3.0,83.0,10-08-2029,32.0,6.0,1.0,0.0,6.0,2.0,0.0,,0.0,4.0,3.0,1.0,3.0,0.0,4370.0,18.0,,1.0,Together,15.43,,0.0,11.0,Graduation,3.0,2.0
0.0,0.0,0.0,24.0,2.0,2.0,26.0,,25.0,8.0,1.0,0.0,4.0,1.0,0.0,0.0,0.0,3.0,3.0,1.0,3.0,0.0,7458.0,,34941.0,8.0,Together,,3086.0,0.0,11.0,Master,3.0,3.0
0.0,0.0,1.0,,61.0,1.0,51.0,17-06-2029,265.0,1.0,4.0,4.0,,0.0,0.0,0.0,,6.0,61.0,,2.0,0.0,,398.0,62820.0,5.0,Married,41.71,3084.0,0.0,,Graduation,3.0,3.0
0.0,0.0,0.0,23.0,,2.0,87.0,09-11-2029,106.0,3.0,2.0,2.0,72.0,1.0,0.0,0.0,0.0,,19.0,1.0,,,6131.0,141.0,70829.0,1.0,Married,70.14,3110.0,0.0,11.0,2n Cycle,3.0,4.0
0.0,0.0,0.0,36.0,,,76.0,19-09-2029,14.0,7.0,2.0,1.0,15.0,1.0,,0.0,0.0,2.0,7.0,0.0,3.0,0.0,10755.0,6.0,23718.0,7.0,Married,112.87,3106.0,0.0,11.0,2n Cycle,3.0,3.0
0.0,0.0,1.0,22.0,44.0,1.0,95.0,06-02-2029,125.0,3.0,1.0,7.0,29.0,0.0,0.0,1.0,0.0,11.0,20.0,0.0,4.0,1.0,999.0,490.0,86037.0,3.0,Single,104.85,3121.0,1.0,11.0,Graduation,3.0,6.0
,0.0,1.0,43.0,14.0,1.0,78.0,27-09-2028,717.0,4.0,2.0,5.0,210.0,0.0,0.0,0.0,0.0,10.0,0.0,0.0,3.0,0.0,8427.0,556.0,64857.0,2.0,Single,97.96,,,11.0,Master,3.0,7.0
0.0,0.0,1.0,40.0,,2.0,48.0,08-05-2030,29.0,4.0,2.0,2.0,,0.0,0.0,,0.0,5.0,2.0,1.0,2.0,0.0,4184.0,,52157.0,,Together,39.63,3080.0,0.0,11.0,PhD,3.0,
0.0,0.0,1.0,34.0,3.0,3.0,39.0,01-03-2030,66.0,7.0,1.0,1.0,12.0,1.0,,0.0,0.0,4.0,7.0,0.0,2.0,0.0,5866.0,97.0,48186.0,4.0,Together,17.03,3104.0,0.0,11.0,Graduation,3.0,4.0
1.0,0.0,1.0,72.0,15.0,2.0,26.0,23-10-2028,,9.0,2.0,2.0,25.0,1.0,0.0,0.0,0.0,2.0,11.0,0.0,4.0,0.0,8346.0,138.0,32233.0,5.0,,32.11,3104.0,,11.0,Graduation,3.0,6.0
0.0,0.0,2.0,23.0,11.0,2.0,82.0,18-11-2028,218.0,5.0,0.0,3.0,0.0,0.0,0.0,0.0,0.0,,0.0,1.0,3.0,,10675.0,909.0,66334.0,10.0,Married,45.38,3086.0,1.0,11.0,PhD,3.0,9.0
0.0,0.0,0.0,8.0,1.0,0.0,37.0,28-08-2029,9.0,1.0,5.0,0.0,2.0,1.0,,0.0,0.0,1.0,0.0,,3.0,0.0,5336.0,39.0,157733.0,7.0,Together,11.76,3101.0,0.0,11.0,,3.0,1.0
0.0,1.0,2.0,45.0,22.0,1.0,23.0,,115.0,,3.0,6.0,59.0,0.0,0.0,0.0,0.0,12.0,68.0,0.0,3.0,1.0,2114.0,1006.0,82800.0,5.0,Single,14.67,3076.0,1.0,,PhD,3.0,7.0
0.0,0.0,0.0,20.0,0.0,2.0,49.0,05-09-2030,16.0,3.0,1.0,,0.0,1.0,0.0,0.0,0.0,4.0,6.0,1.0,4.0,,1640.0,66.0,64587.0,7.0,,82.75,3084.0,,11.0,Graduation,3.0,1.0
0.0,0.0,1.0,,31.0,1.0,57.0,31-07-2029,345.0,1.0,1.0,4.0,75.0,0.0,0.0,0.0,0.0,11.0,31.0,0.0,2.0,1.0,241.0,901.0,83844.0,8.0,Together,109.18,3082.0,0.0,11.0,Graduation,3.0,4.0
0.0,0.0,0.0,362.0,1.0,0.0,19.0,12-09-2028,3.0,1.0,1.0,,3.0,1.0,0.0,0.0,0.0,0.0,263.0,0.0,3.0,0.0,,5.0,,3.0,,45.76,3116.0,0.0,11.0,Graduation,3.0,
0.0,0.0,0.0,3.0,4.0,1.0,66.0,,7.0,6.0,1.0,0.0,0.0,1.0,0.0,0.0,0.0,3.0,6.0,,1.0,0.0,5680.0,10.0,35684.0,4.0,Married,,3114.0,0.0,11.0,2n Cycle,3.0,1.0
0.0,0.0,1.0,,0.0,4.0,46.0,25-04-2029,16.0,8.0,2.0,1.0,2.0,1.0,0.0,0.0,0.0,4.0,1.0,,5.0,0.0,4653.0,131.0,42011.0,,Together,50.96,,0.0,11.0,Graduation,3.0,3.0
0.0,0.0,1.0,,0.0,2.0,94.0,28-10-2028,5.0,8.0,5.0,0.0,0.0,2.0,0.0,0.0,0.0,3.0,0.0,1.0,3.0,0.0,8953.0,27.0,35791.0,10.0,Single,55.06,3095.0,0.0,11.0,Master,3.0,1.0
,0.0,,4.0,4.0,,56.0,02-09-2029,13.0,8.0,3.0,0.0,8.0,1.0,0.0,0.0,0.0,,,0.0,4.0,0.0,5012.0,5.0,28691.0,7.0,Married,84.35,,0.0,11.0,Graduation,3.0,
0.0,0.0,,28.0,21.0,1.0,36.0,08-10-2028,238.0,6.0,2.0,7.0,56.0,,0.0,0.0,0.0,11.0,108.0,0.0,1.0,0.0,6181.0,488.0,52203.0,2.0,Together,106.05,3080.0,0.0,11.0,2n Cycle,3.0,8.0
0.0,0.0,,40.0,20.0,,78.0,19-07-2029,367.0,,0.0,3.0,39.0,0.0,0.0,0.0,0.0,6.0,81.0,1.0,2.0,0.0,10091.0,520.0,60230.0,1.0,,,,0.0,11.0,Graduation,3.0,6.0
0.0,0.0,0.0,247.0,,2.0,46.0,05-03-2029,182.0,5.0,2.0,3.0,42.0,0.0,0.0,0.0,0.0,4.0,118.0,1.0,,0.0,10870.0,,61223.0,9.0,Married,17.55,3097.0,,11.0,Graduation,,9.0
0.0,1.0,0.0,0.0,53.0,1.0,,,400.0,2.0,0.0,5.0,17.0,,0.0,0.0,0.0,,93.0,0.0,4.0,0.0,146.0,760.0,,2.0,Single,2.47,3090.0,0.0,,PhD,3.0,4.0
0.0,,2.0,,0.0,4.0,,08-11-2029,88.0,,,5.0,,0.0,,0.0,0.0,3.0,4.0,1.0,3.0,0.0,5272.0,,53843.0,3.0,Married,8.34,3095.0,0.0,11.0,Master,3.0,8.0
0.0,0.0,2.0,125.0,9.0,7.0,61.0,24-12-2028,57.0,5.0,2.0,,20.0,1.0,0.0,0.0,0.0,5.0,9.0,1.0,4.0,0.0,,216.0,53253.0,6.0,Together,72.48,3105.0,0.0,11.0,,3.0,4.0
0.0,,0.0,7.0,0.0,,48.0,10-07-2029,,8.0,3.0,0.0,0.0,1.0,0.0,0.0,0.0,2.0,0.0,0.0,3.0,0.0,2620.0,14.0,34596.0,10.0,Married,,,1.0,11.0,PhD,3.0,1.0
0.0,0.0,2.0,63.0,12.0,1.0,69.0,02-01-2029,215.0,3.0,1.0,5.0,16.0,0.0,0.0,1.0,0.0,10.0,12.0,0.0,,0.0,2565.0,1016.0,70638.0,9.0,Divorced,56.27,3085.0,0.0,11.0,Master,3.0,4.0
0.0,0.0,3.0,64.0,64.0,3.0,,24-08-2028,116.0,5.0,2.0,2.0,84.0,2.0,0.0,0.0,0.0,11.0,25.0,0.0,2.0,0.0,425.0,374.0,55357.0,6.0,Married,93.03,3115.0,0.0,11.0,Graduation,3.0,6.0
0.0,0.0,,5.0,0.0,1.0,79.0,20-10-2029,4.0,7.0,3.0,,,1.0,0.0,0.0,0.0,2.0,0.0,1.0,3.0,0.0,10067.0,4.0,25176.0,9.0,Together,13.53,,0.0,11.0,2n Cycle,3.0,
0.0,0.0,2.0,44.0,33.0,2.0,65.0,18-02-2028,130.0,8.0,1.0,1.0,41.0,0.0,0.0,0.0,0.0,,26.0,,2.0,0.0,,,28071.0,10.0,Single,,3110.0,0.0,,,3.0,5.0
0.0,0.0,,1.0,1.0,,61.0,07-07-2029,,7.0,1.0,0.0,3.0,,0.0,,0.0,3.0,5.0,1.0,3.0,0.0,8477.0,,26150.0,8.0,,,3086.0,0.0,11.0,Graduation,3.0,1.0
0.0,0.0,1.0,97.0,72.0,1.0,12.0,28-01-2030,170.0,4.0,2.0,3.0,47.0,0.0,0.0,0.0,0.0,4.0,36.0,0.0,4.0,1.0,9790.0,,78499.0,5.0,Single,5.04,3087.0,,11.0,Graduation,3.0,
0.0,0.0,3.0,2.0,0.0,1.0,24.0,13-11-2028,8.0,8.0,1.0,0.0,,1.0,0.0,0.0,0.0,2.0,0.0,1.0,2.0,0.0,5907.0,8.0,33444.0,,Married,5.84,3082.0,0.0,11.0,Master,3.0,
,0.0,,12.0,40.0,,77.0,,,4.0,2.0,1.0,36.0,1.0,0.0,0.0,0.0,7.0,40.0,,3.0,0.0,8789.0,35.0,59060.0,4.0,Married,25.38,3119.0,0.0,11.0,,3.0,3.0
0.0,0.0,2.0,2.0,0.0,1.0,19.0,03-08-2029,24.0,9.0,3.0,0.0,3.0,1.0,0.0,0.0,,,3.0,0.0,2.0,0.0,5049.0,14.0,30351.0,3.0,Together,112.1,3104.0,0.0,11.0,PhD,3.0,3.0
0.0,0.0,0.0,,8.0,7.0,67.0,22-07-2028,160.0,7.0,3.0,3.0,6.0,1.0,0.0,,0.0,6.0,8.0,1.0,,0.0,,247.0,51479.0,5.0,Married,27.48,3097.0,0.0,11.0,Graduation,3.0,6.0
0.0,0.0,3.0,10.0,2.0,2.0,26.0,17-02-2029,42.0,,3.0,,20.0,1.0,0.0,0.0,0.0,4.0,,0.0,,,9422.0,36.0,38360.0,7.0,Married,31.52,3119.0,0.0,11.0,Graduation,3.0,2.0
0.0,0.0,1.0,0.0,6.0,2.0,56.0,17-07-2029,25.0,8.0,0.0,0.0,6.0,1.0,0.0,0.0,0.0,3.0,0.0,0.0,,0.0,7369.0,25.0,36959.0,9.0,Married,30.02,3111.0,0.0,11.0,Master,3.0,2.0
0.0,0.0,1.0,,,2.0,71.0,09-08-2028,15.0,7.0,,0.0,19.0,1.0,,,,3.0,7.0,0.0,3.0,0.0,2447.0,4.0,30545.0,3.0,Together,22.36,3109.0,0.0,11.0,Graduation,3.0,2.0
1.0,0.0,0.0,91.0,0.0,4.0,68.0,06-03-2029,,8.0,3.0,5.0,4.0,0.0,0.0,,,3.0,0.0,1.0,2.0,0.0,405.0,315.0,41638.0,,Divorced,97.76,3094.0,0.0,11.0,Graduation,3.0,5.0
0.0,0.0,,21.0,3.0,3.0,,13-02-2029,61.0,,,1.0,2.0,1.0,,0.0,0.0,,1.0,1.0,2.0,,9405.0,,52869.0,5.0,Married,10.35,,1.0,11.0,PhD,3.0,3.0
0.0,,2.0,118.0,85.0,2.0,57.0,,137.0,5.0,1.0,2.0,102.0,1.0,0.0,0.0,0.0,11.0,45.0,0.0,5.0,0.0,448.0,308.0,54880.0,1.0,Single,21.82,3108.0,0.0,,PhD,3.0,6.0
0.0,0.0,1.0,90.0,,4.0,89.0,21-05-2029,73.0,4.0,2.0,2.0,59.0,0.0,0.0,0.0,0.0,8.0,10.0,1.0,2.0,0.0,4554.0,171.0,,3.0,Together,58.18,3095.0,0.0,11.0,Graduation,3.0,3.0
,0.0,,5.0,0.0,3.0,0.0,22-11-2029,102.0,4.0,,2.0,21.0,,0.0,0.0,0.0,9.0,32.0,1.0,3.0,0.0,4047.0,384.0,65324.0,6.0,,118.1,3084.0,0.0,11.0,PhD,3.0,6.0
0.0,0.0,3.0,,2.0,7.0,56.0,17-07-2029,40.0,6.0,1.0,1.0,8.0,1.0,0.0,,0.0,6.0,11.0,1.0,4.0,0.0,4381.0,163.0,46463.0,5.0,Married,100.86,3101.0,0.0,11.0,PhD,3.0,3.0
0.0,0.0,4.0,,5.0,2.0,39.0,18-12-2028,65.0,5.0,1.0,2.0,26.0,0.0,0.0,0.0,0.0,6.0,,1.0,5.0,0.0,10475.0,187.0,,7.0,Together,,3100.0,0.0,11.0,,3.0,4.0
0.0,1.0,0.0,133.0,57.0,,16.0,13-07-2029,842.0,3.0,3.0,8.0,99.0,0.0,0.0,,0.0,6.0,38.0,0.0,,0.0,,918.0,75345.0,8.0,Single,78.94,,1.0,11.0,,3.0,5.0
0.0,0.0,,6.0,3.0,2.0,57.0,11-09-2029,22.0,6.0,,,2.0,1.0,0.0,0.0,0.0,3.0,,0.0,3.0,0.0,8724.0,11.0,28567.0,7.0,Single,12.01,3112.0,0.0,11.0,Graduation,3.0,2.0
0.0,0.0,1.0,5.0,2.0,1.0,43.0,19-11-2028,18.0,7.0,1.0,0.0,2.0,1.0,0.0,,0.0,3.0,1.0,0.0,3.0,0.0,,16.0,33986.0,1.0,,27.04,3100.0,0.0,11.0,Graduation,3.0,
0.0,0.0,2.0,9.0,3.0,1.0,39.0,24-03-2030,6.0,7.0,0.0,1.0,4.0,1.0,0.0,0.0,,2.0,1.0,0.0,4.0,0.0,4973.0,2.0,20587.0,,Single,76.82,,0.0,11.0,Graduation,3.0,1.0
0.0,1.0,1.0,28.0,7.0,8.0,23.0,16-03-2030,56.0,8.0,,4.0,0.0,0.0,0.0,1.0,0.0,6.0,0.0,1.0,3.0,0.0,6892.0,641.0,61671.0,10.0,Divorced,78.34,3098.0,,11.0,Graduation,3.0,10.0
0.0,0.0,2.0,5.0,1.0,1.0,36.0,15-06-2029,,6.0,6.0,0.0,7.0,0.0,0.0,0.0,0.0,3.0,3.0,,3.0,0.0,3265.0,21.0,35701.0,3.0,Married,,3089.0,0.0,11.0,Graduation,3.0,
0.0,0.0,1.0,8.0,0.0,2.0,57.0,08-03-2029,,6.0,,0.0,0.0,0.0,0.0,,0.0,3.0,0.0,1.0,4.0,0.0,13.0,19.0,25358.0,10.0,Widow,57.04,3077.0,0.0,11.0,PhD,3.0,1.0
0.0,0.0,2.0,5.0,4.0,,26.0,22-08-2029,,6.0,2.0,0.0,10.0,1.0,0.0,0.0,0.0,4.0,3.0,0.0,3.0,0.0,6182.0,11.0,26646.0,5.0,Together,24.79,3114.0,0.0,11.0,Graduation,3.0,2.0
,0.0,1.0,8.0,0.0,2.0,92.0,26-03-2030,5.0,5.0,,0.0,2.0,0.0,0.0,0.0,0.0,3.0,0.0,1.0,2.0,0.0,9197.0,,39722.0,6.0,Married,118.85,3083.0,0.0,11.0,Graduation,3.0,2.0
0.0,0.0,1.0,14.0,5.0,,74.0,18-05-2029,,7.0,2.0,1.0,11.0,0.0,0.0,0.0,,5.0,5.0,1.0,3.0,0.0,10260.0,,45143.0,7.0,Together,95.31,,0.0,,Master,3.0,6.0
0.0,0.0,,8.0,0.0,1.0,42.0,24-01-2029,6.0,6.0,1.0,0.0,0.0,0.0,0.0,,0.0,3.0,1.0,1.0,3.0,0.0,10856.0,31.0,45889.0,4.0,Single,101.43,3110.0,0.0,11.0,,3.0,1.0
0.0,0.0,2.0,83.0,9.0,5.0,,05-08-2029,122.0,6.0,1.0,2.0,19.0,0.0,0.0,0.0,,9.0,14.0,2.0,4.0,0.0,10379.0,327.0,59247.0,1.0,Single,117.47,3092.0,0.0,11.0,Master,,5.0
1.0,0.0,1.0,10.0,2.0,1.0,4.0,,11.0,6.0,0.0,0.0,2.0,1.0,0.0,0.0,0.0,2.0,2.0,0.0,4.0,0.0,2296.0,3.0,37368.0,1.0,Married,106.78,3105.0,0.0,11.0,Master,3.0,1.0
0.0,0.0,1.0,,8.0,2.0,72.0,,8.0,8.0,,0.0,6.0,1.0,0.0,0.0,0.0,3.0,1.0,0.0,3.0,0.0,5010.0,2.0,25008.0,5.0,Single,63.98,3118.0,,11.0,Graduation,3.0,1.0
,0.0,2.0,15.0,0.0,,11.0,17-04-2029,40.0,8.0,,1.0,3.0,1.0,0.0,0.0,0.0,4.0,,1.0,2.0,0.0,7494.0,209.0,42873.0,8.0,Divorced,23.76,3080.0,0.0,11.0,PhD,3.0,6.0
0.0,0.0,3.0,33.0,5.0,4.0,,12-08-2029,28.0,,1.0,1.0,,1.0,,0.0,0.0,,6.0,1.0,,0.0,5939.0,43.0,38232.0,6.0,Together,67.25,3101.0,0.0,,Graduation,3.0,3.0
0.0,0.0,2.0,1.0,1.0,1.0,,28-06-2030,5.0,8.0,,0.0,,2.0,0.0,0.0,0.0,2.0,3.0,0.0,3.0,0.0,6961.0,1.0,26751.0,3.0,Married,95.12,3104.0,0.0,11.0,Graduation,,1.0
0.0,,1.0,12.0,2.0,4.0,37.0,05-02-2030,64.0,4.0,,3.0,7.0,1.0,0.0,0.0,0.0,5.0,2.0,,3.0,,11075.0,,51267.0,3.0,Married,52.08,3108.0,0.0,11.0,Graduation,3.0,
0.0,0.0,2.0,12.0,6.0,3.0,58.0,08-07-2030,,4.0,3.0,1.0,0.0,1.0,0.0,0.0,0.0,4.0,5.0,1.0,4.0,0.0,4988.0,,34469.0,9.0,Married,75.42,3078.0,0.0,11.0,PhD,3.0,1.0
,0.0,,27.0,6.0,,,03-06-2029,71.0,5.0,,1.0,4.0,0.0,0.0,0.0,0.0,7.0,0.0,1.0,2.0,0.0,907.0,254.0,46149.0,7.0,Married,,3105.0,0.0,11.0,Graduation,3.0,5.0
0.0,0.0,1.0,5.0,0.0,2.0,34.0,18-10-2029,2.0,7.0,3.0,0.0,0.0,1.0,0.0,0.0,0.0,,0.0,1.0,3.0,0.0,8086.0,48.0,42243.0,10.0,Married,118.02,3089.0,0.0,,Graduation,3.0,2.0
0.0,0.0,3.0,21.0,1.0,2.0,16.0,10-08-2028,14.0,8.0,3.0,0.0,,0.0,0.0,0.0,0.0,3.0,1.0,1.0,2.0,0.0,,27.0,35797.0,6.0,Married,68.49,3105.0,0.0,11.0,Graduation,,2.0
,0.0,2.0,2.0,,7.0,11.0,25-09-2028,45.0,7.0,2.0,,8.0,1.0,0.0,0.0,0.0,,,0.0,5.0,0.0,5892.0,158.0,34968.0,1.0,Married,,3110.0,,11.0,Graduation,3.0,3.0
0.0,0.0,1.0,20.0,3.0,4.0,,14-03-2030,10.0,7.0,3.0,,12.0,1.0,0.0,0.0,0.0,3.0,7.0,0.0,2.0,0.0,7297.0,5.0,,9.0,Single,15.69,3103.0,0.0,11.0,Graduation,3.0,3.0
0.0,0.0,2.0,10.0,1.0,1.0,26.0,08-06-2029,4.0,8.0,0.0,0.0,11.0,,0.0,0.0,0.0,3.0,9.0,0.0,5.0,0.0,6347.0,1.0,,3.0,Single,,3109.0,0.0,11.0,Basic,,1.0
0.0,1.0,2.0,23.0,23.0,1.0,58.0,13-01-2029,446.0,2.0,3.0,4.0,30.0,,0.0,1.0,0.0,7.0,23.0,0.0,,1.0,10446.0,184.0,82017.0,6.0,Married,,3087.0,1.0,11.0,,3.0,5.0
0.0,0.0,1.0,3.0,0.0,1.0,82.0,15-10-2029,17.0,7.0,2.0,0.0,0.0,1.0,0.0,0.0,,,0.0,0.0,2.0,0.0,,37.0,40304.0,10.0,Single,72.88,3097.0,0.0,11.0,,3.0,2.0
0.0,0.0,2.0,111.0,172.0,2.0,59.0,14-11-2028,183.0,5.0,1.0,,185.0,0.0,0.0,0.0,0.0,11.0,132.0,1.0,2.0,0.0,4518.0,386.0,85693.0,7.0,Together,118.82,3109.0,0.0,11.0,Graduation,3.0,9.0
,0.0,1.0,51.0,17.0,1.0,98.0,22-02-2029,672.0,2.0,2.0,2.0,23.0,0.0,0.0,,0.0,8.0,34.0,0.0,1.0,1.0,3979.0,,90687.0,9.0,Divorced,113.31,3113.0,1.0,11.0,PhD,3.0,6.0
0.0,0.0,,0.0,3.0,1.0,54.0,08-05-2029,13.0,,4.0,0.0,2.0,1.0,0.0,0.0,0.0,3.0,10.0,0.0,4.0,0.0,5154.0,26.0,37760.0,10.0,Divorced,24.17,3102.0,0.0,11.0,Master,3.0,2.0
0.0,0.0,2.0,,2.0,2.0,71.0,05-06-2030,18.0,8.0,4.0,0.0,6.0,1.0,0.0,0.0,0.0,3.0,1.0,0.0,,0.0,4297.0,13.0,23228.0,2.0,Together,112.59,3099.0,0.0,11.0,Graduation,3.0,2.0
,0.0,2.0,116.0,74.0,,13.0,29-09-2029,298.0,1.0,0.0,3.0,162.0,,0.0,0.0,0.0,6.0,149.0,0.0,2.0,0.0,291.0,,72940.0,1.0,Married,24.89,3100.0,,11.0,Graduation,3.0,3.0
0.0,0.0,2.0,5.0,0.0,1.0,91.0,17-05-2030,5.0,,2.0,0.0,,,0.0,0.0,0.0,2.0,1.0,1.0,3.0,0.0,7128.0,4.0,42997.0,9.0,Single,68.01,3107.0,0.0,11.0,PhD,3.0,
0.0,0.0,3.0,2.0,0.0,1.0,,09-12-2028,6.0,,3.0,0.0,0.0,1.0,0.0,0.0,0.0,,0.0,0.0,4.0,0.0,11007.0,26.0,29187.0,10.0,Married,4.78,3098.0,0.0,11.0,,3.0,1.0
0.0,0.0,1.0,31.0,37.0,1.0,48.0,07-01-2029,,6.0,0.0,6.0,35.0,0.0,0.0,,0.0,12.0,163.0,0.0,2.0,0.0,8395.0,980.0,82014.0,10.0,Single,88.06,3091.0,,11.0,Graduation,3.0,3.0
0.0,0.0,0.0,79.0,22.0,1.0,,06-05-2029,,3.0,,7.0,,,0.0,0.0,0.0,7.0,198.0,0.0,2.0,0.0,8923.0,514.0,83917.0,10.0,Single,62.5,,1.0,11.0,Graduation,3.0,6.0
0.0,0.0,3.0,5.0,0.0,1.0,65.0,04-02-2029,5.0,5.0,,0.0,0.0,0.0,0.0,0.0,0.0,3.0,1.0,1.0,3.0,0.0,4706.0,29.0,34704.0,5.0,,61.3,,0.0,11.0,,3.0,
0.0,0.0,1.0,0.0,0.0,1.0,27.0,03-05-2029,396.0,3.0,5.0,7.0,23.0,0.0,1.0,1.0,,4.0,0.0,0.0,4.0,0.0,10140.0,1308.0,70123.0,4.0,Together,79.31,3113.0,0.0,11.0,PhD,3.0,5.0
0.0,0.0,2.0,1.0,2.0,1.0,25.0,16-10-2029,4.0,5.0,2.0,0.0,,0.0,,0.0,0.0,3.0,0.0,1.0,3.0,,9291.0,8.0,34242.0,4.0,Married,1.35,3089.0,0.0,11.0,Master,3.0,0.0
0.0,0.0,3.0,15.0,,2.0,,13-01-2029,62.0,8.0,1.0,3.0,0.0,0.0,,0.0,0.0,7.0,0.0,1.0,4.0,0.0,9710.0,708.0,58086.0,,Divorced,116.02,3099.0,0.0,11.0,PhD,3.0,11.0
0.0,0.0,,5.0,0.0,3.0,0.0,30-08-2029,102.0,4.0,3.0,2.0,21.0,0.0,0.0,0.0,0.0,9.0,32.0,1.0,4.0,0.0,9477.0,384.0,65324.0,4.0,Married,72.92,,0.0,11.0,PhD,3.0,6.0
0.0,0.0,1.0,32.0,174.0,1.0,1.0,18-02-2030,256.0,2.0,,4.0,50.0,0.0,0.0,0.0,0.0,6.0,30.0,0.0,4.0,0.0,9687.0,184.0,73170.0,2.0,Single,44.42,3105.0,,11.0,,3.0,5.0
0.0,0.0,1.0,64.0,4.0,1.0,46.0,19-07-2029,17.0,5.0,0.0,2.0,7.0,0.0,0.0,0.0,0.0,2.0,6.0,1.0,3.0,0.0,3969.0,35.0,43018.0,2.0,Together,101.04,,0.0,11.0,,3.0,2.0
0.0,0.0,1.0,14.0,,2.0,,26-10-2028,123.0,6.0,0.0,2.0,,0.0,0.0,0.0,0.0,9.0,64.0,0.0,3.0,0.0,,153.0,38410.0,1.0,Married,30.05,3104.0,1.0,11.0,PhD,3.0,5.0
,0.0,3.0,0.0,14.0,1.0,21.0,08-04-2029,590.0,3.0,1.0,5.0,38.0,0.0,0.0,1.0,0.0,13.0,44.0,0.0,4.0,0.0,1685.0,796.0,62981.0,,,42.64,3097.0,0.0,11.0,,,4.0
,0.0,,0.0,0.0,3.0,63.0,14-01-2030,356.0,,2.0,7.0,,0.0,0.0,0.0,0.0,11.0,28.0,1.0,,0.0,6544.0,529.0,67911.0,2.0,Together,78.9,3079.0,,,PhD,3.0,6.0
0.0,0.0,0.0,64.0,6.0,6.0,70.0,11-08-2029,51.0,8.0,1.0,1.0,8.0,1.0,0.0,0.0,0.0,5.0,,1.0,3.0,,3972.0,266.0,50200.0,5.0,Together,35.23,,0.0,11.0,Graduation,3.0,
0.0,0.0,1.0,2.0,0.0,3.0,62.0,14-01-2030,14.0,7.0,2.0,0.0,0.0,1.0,0.0,0.0,0.0,3.0,0.0,,3.0,0.0,,56.0,38452.0,8.0,Married,51.69,3085.0,0.0,11.0,Master,3.0,
0.0,0.0,0.0,172.0,33.0,,87.0,10-01-2029,124.0,1.0,1.0,4.0,40.0,0.0,0.0,0.0,0.0,7.0,28.0,0.0,3.0,0.0,1491.0,162.0,71488.0,4.0,Together,69.28,3095.0,0.0,11.0,2n Cycle,3.0,3.0
0.0,0.0,3.0,4.0,0.0,1.0,82.0,05-03-2029,5.0,5.0,3.0,1.0,0.0,1.0,0.0,0.0,,2.0,0.0,1.0,4.0,0.0,803.0,12.0,40521.0,3.0,Together,91.38,,0.0,11.0,Graduation,3.0,0.0
1.0,0.0,,215.0,0.0,5.0,71.0,27-03-2029,61.0,5.0,2.0,5.0,0.0,,1.0,0.0,0.0,6.0,15.0,2.0,5.0,1.0,1665.0,1459.0,64140.0,8.0,Divorced,77.67,3094.0,1.0,11.0,,3.0,2.0
,0.0,2.0,,2.0,2.0,60.0,23-02-2029,8.0,7.0,0.0,1.0,4.0,1.0,0.0,0.0,0.0,2.0,3.0,0.0,1.0,0.0,10264.0,1.0,15287.0,2.0,Divorced,63.74,3109.0,1.0,11.0,Graduation,3.0,1.0
0.0,0.0,2.0,91.0,40.0,3.0,4.0,13-09-2028,469.0,7.0,3.0,2.0,80.0,1.0,0.0,0.0,0.0,,0.0,0.0,3.0,,8920.0,448.0,59235.0,3.0,Single,54.46,3097.0,0.0,11.0,Master,3.0,11.0
1.0,0.0,3.0,42.0,,2.0,53.0,23-08-2028,206.0,6.0,1.0,10.0,160.0,0.0,0.0,0.0,0.0,5.0,,0.0,3.0,,2968.0,437.0,48948.0,4.0,Divorced,41.77,3073.0,1.0,11.0,PhD,3.0,7.0
0.0,,2.0,,1.0,2.0,10.0,15-04-2029,7.0,7.0,2.0,,0.0,1.0,0.0,0.0,0.0,3.0,3.0,1.0,3.0,0.0,,9.0,26907.0,8.0,Together,70.35,3106.0,0.0,11.0,2n Cycle,3.0,1.0
1.0,0.0,2.0,46.0,11.0,4.0,71.0,05-05-2029,72.0,6.0,2.0,1.0,3.0,1.0,0.0,0.0,0.0,5.0,17.0,0.0,4.0,0.0,3225.0,,42207.0,3.0,Married,82.27,3114.0,1.0,11.0,Master,3.0,4.0
0.0,0.0,1.0,2.0,0.0,1.0,13.0,09-08-2030,8.0,5.0,3.0,0.0,,,0.0,0.0,0.0,3.0,0.0,,4.0,0.0,6271.0,53.0,50870.0,1.0,Married,117.23,3082.0,0.0,11.0,PhD,3.0,2.0
0.0,,,15.0,12.0,4.0,70.0,,112.0,7.0,2.0,1.0,8.0,0.0,,0.0,0.0,5.0,0.0,1.0,,0.0,10741.0,172.0,47352.0,,Together,112.08,,,11.0,,3.0,6.0
0.0,,2.0,5.0,4.0,0.0,12.0,09-08-2029,7.0,13.0,1.0,0.0,1.0,0.0,0.0,0.0,0.0,0.0,3.0,1.0,,0.0,9303.0,,5305.0,10.0,Married,102.85,3106.0,0.0,11.0,Graduation,3.0,1.0
0.0,0.0,2.0,70.0,28.0,,57.0,26-12-2028,183.0,6.0,4.0,6.0,220.0,0.0,0.0,0.0,0.0,6.0,70.0,1.0,3.0,0.0,8932.0,960.0,65176.0,1.0,Together,98.31,3099.0,0.0,11.0,Master,3.0,9.0
0.0,,2.0,8.0,5.0,1.0,49.0,11-01-2029,3.0,7.0,2.0,0.0,,,0.0,0.0,0.0,2.0,4.0,0.0,4.0,0.0,10250.0,,28389.0,8.0,Together,43.52,3077.0,0.0,11.0,,3.0,1.0
0.0,0.0,0.0,3.0,0.0,4.0,76.0,01-03-2030,10.0,7.0,3.0,1.0,0.0,1.0,0.0,1.0,0.0,3.0,0.0,,3.0,0.0,4333.0,41.0,32144.0,7.0,Together,20.59,3084.0,0.0,11.0,Graduation,3.0,2.0
0.0,0.0,1.0,109.0,,2.0,11.0,23-11-2028,79.0,7.0,0.0,2.0,65.0,1.0,0.0,,0.0,,0.0,,4.0,0.0,10490.0,100.0,,3.0,Married,13.77,3099.0,0.0,11.0,PhD,3.0,6.0
0.0,,,22.0,3.0,2.0,93.0,06-05-2029,21.0,,1.0,0.0,3.0,1.0,0.0,0.0,0.0,3.0,19.0,0.0,2.0,0.0,1324.0,23.0,38872.0,1.0,Married,69.76,,0.0,11.0,Graduation,,3.0
1.0,0.0,1.0,39.0,26.0,2.0,35.0,26-07-2028,120.0,8.0,2.0,10.0,,0.0,0.0,0.0,0.0,5.0,13.0,0.0,3.0,0.0,3584.0,,49667.0,2.0,Single,3.86,3085.0,,11.0,PhD,3.0,
,0.0,,,15.0,1.0,98.0,,414.0,2.0,3.0,6.0,99.0,0.0,1.0,,0.0,12.0,30.0,0.0,,1.0,2088.0,997.0,,2.0,Together,30.42,3102.0,0.0,,,3.0,5.0
0.0,,1.0,11.0,3.0,3.0,,23-08-2028,30.0,,,0.0,10.0,1.0,0.0,,0.0,3.0,7.0,0.0,4.0,,5093.0,40.0,25509.0,8.0,Divorced,73.84,3104.0,1.0,11.0,PhD,3.0,3.0
0.0,0.0,0.0,20.0,10.0,2.0,71.0,02-09-2028,143.0,,1.0,4.0,13.0,,0.0,0.0,0.0,12.0,10.0,0.0,1.0,,9817.0,853.0,44802.0,4.0,Single,64.8,3100.0,0.0,11.0,Master,3.0,9.0
0.0,1.0,1.0,,27.0,0.0,84.0,17-07-2028,119.0,4.0,2.0,9.0,71.0,0.0,1.0,1.0,,6.0,108.0,0.0,3.0,1.0,3138.0,1324.0,91249.0,2.0,Single,8.04,3086.0,1.0,,Graduation,3.0,7.0
,0.0,2.0,3.0,4.0,3.0,2.0,26-08-2029,22.0,8.0,3.0,0.0,3.0,,0.0,0.0,0.0,3.0,3.0,,4.0,,1519.0,38.0,38578.0,7.0,Single,85.37,3102.0,1.0,11.0,PhD,,3.0
0.0,0.0,2.0,,14.0,2.0,92.0,25-04-2029,74.0,,2.0,0.0,13.0,1.0,,0.0,0.0,4.0,5.0,0.0,2.0,0.0,5954.0,76.0,42618.0,3.0,Divorced,88.98,,0.0,11.0,Master,3.0,
0.0,,1.0,27.0,,7.0,51.0,01-12-2028,66.0,9.0,2.0,1.0,0.0,1.0,0.0,0.0,,4.0,12.0,0.0,3.0,0.0,1710.0,,30168.0,6.0,Single,44.96,3108.0,0.0,11.0,Graduation,,6.0
0.0,0.0,0.0,,17.0,,98.0,14-04-2028,17.0,9.0,1.0,1.0,13.0,,0.0,0.0,0.0,3.0,14.0,,2.0,0.0,10001.0,5.0,7500.0,5.0,Together,,3115.0,0.0,11.0,2n Cycle,3.0,2.0
0.0,0.0,1.0,4.0,0.0,6.0,98.0,29-10-2028,24.0,,2.0,,6.0,0.0,0.0,1.0,0.0,7.0,0.0,1.0,5.0,0.0,7230.0,459.0,50611.0,1.0,Divorced,17.63,,1.0,11.0,PhD,3.0,4.0
0.0,0.0,0.0,,,2.0,,02-11-2028,259.0,4.0,0.0,3.0,197.0,0.0,0.0,0.0,0.0,6.0,194.0,,1.0,,8370.0,378.0,75484.0,,Together,119.66,3106.0,0.0,11.0,2n Cycle,,7.0
,0.0,2.0,152.0,0.0,7.0,10.0,,38.0,6.0,2.0,4.0,13.0,1.0,0.0,0.0,0.0,4.0,0.0,1.0,2.0,0.0,2632.0,297.0,50501.0,6.0,Married,55.38,3084.0,1.0,11.0,Graduation,3.0,5.0
0.0,0.0,1.0,66.0,4.0,2.0,24.0,22-05-2029,33.0,7.0,2.0,1.0,0.0,0.0,0.0,0.0,0.0,5.0,0.0,1.0,3.0,0.0,1377.0,182.0,44551.0,2.0,Widow,75.75,3084.0,0.0,11.0,Master,3.0,4.0
0.0,0.0,3.0,35.0,36.0,1.0,96.0,01-06-2030,11.0,2.0,1.0,1.0,,0.0,0.0,0.0,0.0,4.0,26.0,0.0,4.0,0.0,,14.0,42523.0,5.0,Married,50.25,3094.0,0.0,11.0,Graduation,3.0,1.0
0.0,0.0,2.0,35.0,35.0,1.0,,29-03-2030,169.0,1.0,4.0,3.0,58.0,,0.0,,0.0,6.0,17.0,0.0,3.0,1.0,10972.0,625.0,72298.0,1.0,Widow,29.81,3079.0,0.0,11.0,Graduation,3.0,4.0
0.0,0.0,2.0,50.0,0.0,2.0,4.0,29-01-2030,,7.0,1.0,,13.0,0.0,0.0,0.0,0.0,7.0,20.0,,4.0,0.0,5172.0,738.0,65104.0,1.0,,66.38,3106.0,0.0,11.0,Master,,3.0
,0.0,3.0,6.0,,1.0,19.0,,117.0,2.0,3.0,3.0,,0.0,0.0,0.0,0.0,,110.0,0.0,1.0,0.0,9596.0,365.0,65295.0,8.0,Single,2.18,3110.0,0.0,11.0,PhD,3.0,3.0
0.0,0.0,1.0,38.0,17.0,,,16-01-2030,,,2.0,3.0,36.0,0.0,0.0,0.0,,7.0,17.0,1.0,2.0,0.0,,208.0,60905.0,6.0,Together,113.34,3080.0,0.0,11.0,,3.0,
0.0,,1.0,6.0,12.0,1.0,23.0,29-05-2030,75.0,4.0,0.0,1.0,33.0,0.0,0.0,0.0,0.0,5.0,15.0,1.0,3.0,0.0,5232.0,,69139.0,9.0,Married,34.77,3095.0,0.0,11.0,Graduation,3.0,4.0
0.0,0.0,0.0,7.0,5.0,3.0,71.0,24-08-2029,3.0,2.0,6.0,1.0,10.0,1.0,0.0,0.0,0.0,4.0,1.0,1.0,2.0,0.0,7327.0,21.0,36732.0,7.0,Married,92.13,3089.0,0.0,11.0,PhD,3.0,1.0
1.0,0.0,0.0,191.0,0.0,3.0,96.0,17-09-2029,45.0,7.0,0.0,4.0,0.0,0.0,0.0,0.0,0.0,5.0,0.0,,3.0,0.0,3336.0,712.0,66375.0,,Together,102.93,3078.0,0.0,11.0,PhD,3.0,2.0
0.0,0.0,2.0,28.0,0.0,9.0,4.0,27-09-2028,100.0,8.0,3.0,2.0,19.0,1.0,0.0,0.0,0.0,8.0,,1.0,,0.0,8581.0,604.0,49505.0,7.0,,2.88,3101.0,0.0,11.0,Master,3.0,10.0
0.0,0.0,,24.0,9.0,,86.0,25-08-2029,,6.0,1.0,1.0,2.0,0.0,0.0,0.0,0.0,4.0,9.0,0.0,4.0,,7592.0,102.0,,6.0,Married,45.03,3076.0,0.0,11.0,PhD,3.0,4.0
0.0,0.0,3.0,52.0,48.0,1.0,13.0,19-08-2029,90.0,3.0,1.0,2.0,0.0,0.0,0.0,0.0,0.0,,45.0,1.0,,0.0,7002.0,163.0,62535.0,2.0,Single,41.82,3085.0,0.0,11.0,Graduation,3.0,3.0
0.0,,1.0,170.0,199.0,7.0,25.0,25-11-2028,,7.0,,2.0,234.0,0.0,0.0,0.0,0.0,12.0,9.0,1.0,4.0,0.0,1456.0,265.0,60474.0,1.0,Single,30.96,3109.0,0.0,11.0,,3.0,10.0
0.0,0.0,1.0,41.0,6.0,2.0,94.0,01-08-2028,38.0,,4.0,2.0,3.0,1.0,0.0,0.0,0.0,3.0,6.0,0.0,4.0,,5015.0,68.0,34529.0,10.0,Married,107.32,3106.0,0.0,11.0,Master,3.0,2.0
0.0,0.0,1.0,2.0,0.0,1.0,23.0,15-04-2030,5.0,4.0,3.0,0.0,7.0,0.0,0.0,0.0,0.0,2.0,0.0,1.0,1.0,0.0,11004.0,8.0,60182.0,3.0,Single,39.09,3023.0,,,2n Cycle,3.0,
0.0,0.0,0.0,22.0,17.0,3.0,,03-06-2028,19.0,8.0,4.0,2.0,20.0,1.0,0.0,0.0,0.0,2.0,21.0,0.0,2.0,0.0,4023.0,16.0,22979.0,7.0,Married,76.76,3100.0,1.0,11.0,Graduation,3.0,
0.0,0.0,0.0,191.0,31.0,1.0,57.0,,345.0,,1.0,4.0,75.0,,0.0,0.0,0.0,11.0,31.0,,4.0,,3560.0,901.0,83844.0,2.0,,34.68,3082.0,0.0,11.0,,3.0,4.0
0.0,0.0,1.0,2.0,1.0,3.0,77.0,17-04-2029,24.0,6.0,7.0,0.0,2.0,1.0,0.0,0.0,0.0,3.0,1.0,0.0,5.0,0.0,,9.0,29819.0,7.0,Divorced,2.49,3101.0,0.0,11.0,Graduation,3.0,3.0
0.0,0.0,2.0,2.0,1.0,2.0,10.0,,7.0,7.0,1.0,0.0,0.0,1.0,0.0,0.0,0.0,3.0,3.0,,,0.0,577.0,9.0,26907.0,7.0,Together,103.12,3106.0,0.0,,2n Cycle,3.0,1.0
0.0,0.0,3.0,107.0,,2.0,92.0,11-06-2029,133.0,2.0,6.0,,23.0,,0.0,0.0,0.0,4.0,151.0,1.0,4.0,0.0,123.0,544.0,67046.0,8.0,Widow,12.0,3081.0,0.0,11.0,Graduation,3.0,4.0
0.0,,2.0,22.0,3.0,3.0,82.0,24-04-2030,9.0,6.0,0.0,1.0,19.0,1.0,0.0,0.0,0.0,3.0,4.0,1.0,3.0,0.0,9672.0,8.0,23162.0,,Married,54.63,3100.0,0.0,,2n Cycle,3.0,1.0
1.0,0.0,2.0,28.0,5.0,,24.0,27-10-2029,9.0,5.0,0.0,,28.0,1.0,0.0,0.0,0.0,3.0,6.0,0.0,5.0,0.0,6504.0,2.0,19789.0,10.0,Together,88.2,3105.0,0.0,11.0,,3.0,
0.0,0.0,2.0,6.0,0.0,2.0,38.0,02-05-2028,17.0,9.0,1.0,0.0,6.0,1.0,0.0,0.0,0.0,3.0,3.0,0.0,4.0,0.0,6728.0,16.0,29103.0,2.0,,46.43,3115.0,,11.0,Graduation,3.0,
0.0,0.0,2.0,141.0,123.0,,50.0,28-06-2029,274.0,3.0,2.0,5.0,46.0,0.0,0.0,0.0,0.0,12.0,123.0,1.0,3.0,0.0,9904.0,336.0,71391.0,6.0,Married,70.44,3086.0,0.0,,Graduation,3.0,6.0
1.0,0.0,2.0,51.0,0.0,2.0,9.0,23-02-2029,64.0,,3.0,1.0,0.0,0.0,0.0,0.0,,8.0,0.0,0.0,1.0,,1618.0,577.0,,9.0,Together,109.07,3095.0,1.0,11.0,Graduation,3.0,10.0
0.0,1.0,0.0,39.0,,1.0,74.0,08-02-2030,750.0,4.0,1.0,5.0,0.0,0.0,0.0,,0.0,8.0,,0.0,3.0,1.0,2894.0,1067.0,72903.0,5.0,Single,114.05,3115.0,1.0,11.0,Graduation,3.0,7.0
,0.0,2.0,37.0,34.0,1.0,74.0,13-10-2028,586.0,,2.0,,89.0,0.0,0.0,0.0,0.0,8.0,86.0,0.0,4.0,0.0,1990.0,965.0,,8.0,Single,,3104.0,0.0,11.0,PhD,3.0,3.0
0.0,0.0,2.0,4.0,,3.0,57.0,13-01-2029,31.0,8.0,2.0,,2.0,1.0,,0.0,0.0,4.0,8.0,0.0,2.0,0.0,3537.0,31.0,31089.0,1.0,Together,36.33,3111.0,,11.0,Graduation,,3.0
0.0,0.0,0.0,5.0,12.0,1.0,76.0,11-05-2030,48.0,2.0,,,4.0,0.0,0.0,0.0,0.0,,12.0,1.0,2.0,0.0,2948.0,104.0,62637.0,6.0,Divorced,32.61,3084.0,0.0,11.0,Master,3.0,2.0
0.0,0.0,1.0,0.0,0.0,1.0,18.0,25-12-2029,9.0,4.0,1.0,,3.0,0.0,0.0,0.0,0.0,3.0,0.0,1.0,3.0,,8207.0,28.0,,7.0,Married,70.41,3087.0,0.0,11.0,2n Cycle,,1.0
0.0,0.0,2.0,36.0,12.0,2.0,30.0,25-08-2028,59.0,,4.0,0.0,19.0,1.0,0.0,0.0,0.0,,1.0,0.0,,,5424.0,29.0,,9.0,Married,60.37,3113.0,,11.0,Graduation,3.0,3.0
0.0,,1.0,3.0,1.0,1.0,,14-07-2030,8.0,7.0,0.0,0.0,0.0,0.0,0.0,,0.0,3.0,0.0,1.0,3.0,0.0,,30.0,54132.0,9.0,Together,111.19,,,11.0,PhD,3.0,1.0
0.0,,1.0,75.0,6.0,5.0,64.0,07-06-2028,39.0,6.0,3.0,1.0,6.0,1.0,,0.0,0.0,5.0,13.0,1.0,2.0,0.0,3439.0,157.0,56721.0,7.0,Married,32.92,3102.0,0.0,11.0,Graduation,3.0,4.0
0.0,0.0,,,42.0,7.0,52.0,11-06-2029,48.0,,1.0,10.0,94.0,1.0,0.0,0.0,0.0,,66.0,1.0,3.0,0.0,7187.0,375.0,,1.0,Together,,3099.0,,11.0,Master,,4.0
0.0,0.0,1.0,1.0,1.0,1.0,75.0,14-09-2029,7.0,9.0,,0.0,2.0,,,0.0,0.0,2.0,1.0,0.0,3.0,0.0,5068.0,14.0,22804.0,9.0,Single,74.03,3101.0,,11.0,Graduation,3.0,2.0
0.0,0.0,3.0,23.0,,2.0,26.0,14-03-2030,,4.0,1.0,2.0,15.0,2.0,0.0,0.0,0.0,8.0,64.0,0.0,2.0,,10196.0,212.0,71427.0,6.0,,5.55,,0.0,11.0,Graduation,3.0,8.0
0.0,0.0,1.0,10.0,0.0,1.0,64.0,06-10-2028,13.0,7.0,0.0,0.0,2.0,1.0,0.0,0.0,0.0,3.0,0.0,0.0,2.0,0.0,,12.0,27100.0,9.0,Married,22.44,3113.0,,11.0,Master,3.0,1.0
0.0,0.0,1.0,,19.0,2.0,11.0,17-12-2028,594.0,6.0,2.0,5.0,99.0,0.0,0.0,0.0,0.0,,76.0,1.0,-0.0,0.0,3403.0,1170.0,78952.0,1.0,Together,60.34,3088.0,0.0,11.0,PhD,3.0,2.0
1.0,0.0,2.0,47.0,8.0,3.0,68.0,06-06-2029,129.0,9.0,1.0,1.0,3.0,1.0,0.0,0.0,0.0,4.0,11.0,,3.0,0.0,3409.0,141.0,36108.0,9.0,,,3114.0,0.0,11.0,Graduation,3.0,
0.0,0.0,2.0,4.0,1.0,1.0,68.0,02-02-2029,14.0,8.0,3.0,0.0,3.0,0.0,0.0,0.0,0.0,3.0,2.0,1.0,3.0,0.0,,19.0,28320.0,6.0,,59.14,3080.0,,,Graduation,3.0,1.0
0.0,0.0,0.0,59.0,23.0,11.0,13.0,22-01-2029,71.0,,4.0,3.0,15.0,1.0,0.0,1.0,0.0,7.0,0.0,1.0,2.0,,3678.0,488.0,60208.0,6.0,,47.7,3103.0,1.0,11.0,Graduation,3.0,8.0
1.0,1.0,1.0,46.0,0.0,1.0,23.0,,69.0,,3.0,4.0,0.0,0.0,1.0,0.0,0.0,13.0,0.0,0.0,,1.0,5758.0,1074.0,65169.0,9.0,Married,26.29,3112.0,1.0,,Graduation,3.0,
0.0,0.0,3.0,0.0,,2.0,21.0,23-05-2030,,,1.0,0.0,0.0,1.0,0.0,0.0,,3.0,0.0,0.0,3.0,0.0,2587.0,14.0,29791.0,9.0,Married,3.51,3102.0,,11.0,PhD,3.0,2.0
0.0,0.0,2.0,,3.0,3.0,15.0,24-12-2028,30.0,9.0,3.0,0.0,10.0,1.0,0.0,0.0,,,7.0,0.0,1.0,0.0,,40.0,25509.0,2.0,Divorced,,3104.0,,11.0,PhD,,3.0
0.0,0.0,1.0,102.0,82.0,1.0,0.0,09-03-2030,441.0,1.0,4.0,6.0,80.0,0.0,,0.0,0.0,6.0,,,2.0,0.0,10530.0,,67786.0,4.0,Widow,79.51,3089.0,,11.0,PhD,3.0,
,0.0,0.0,96.0,21.0,1.0,19.0,13-03-2030,69.0,3.0,0.0,3.0,39.0,0.0,0.0,0.0,0.0,6.0,3.0,0.0,0.0,0.0,2727.0,181.0,57100.0,2.0,Together,53.2,,0.0,11.0,Graduation,3.0,3.0
0.0,0.0,1.0,14.0,3.0,4.0,77.0,27-08-2028,26.0,7.0,1.0,1.0,,1.0,0.0,0.0,0.0,3.0,2.0,1.0,3.0,0.0,1177.0,80.0,49618.0,7.0,Together,,,0.0,11.0,Master,3.0,
0.0,0.0,0.0,7.0,0.0,2.0,63.0,,7.0,7.0,0.0,0.0,3.0,2.0,0.0,0.0,,3.0,4.0,0.0,1.0,0.0,8442.0,9.0,19510.0,,Married,112.33,3115.0,0.0,11.0,Master,3.0,1.0
0.0,0.0,2.0,187.0,12.0,6.0,68.0,28-12-2028,141.0,8.0,3.0,1.0,43.0,1.0,,0.0,0.0,5.0,,0.0,4.0,,10340.0,75.0,35196.0,5.0,Together,23.59,3114.0,0.0,11.0,,,6.0
0.0,0.0,1.0,10.0,9.0,,80.0,15-10-2030,7.0,6.0,2.0,,2.0,0.0,0.0,0.0,0.0,3.0,14.0,0.0,3.0,0.0,2563.0,1.0,28249.0,,Married,56.71,3091.0,0.0,11.0,Basic,3.0,2.0
0.0,1.0,3.0,,,1.0,,31-07-2030,,1.0,2.0,4.0,45.0,0.0,1.0,1.0,0.0,10.0,69.0,0.0,3.0,1.0,8545.0,1296.0,85683.0,8.0,Divorced,39.68,3084.0,1.0,11.0,Graduation,3.0,2.0
0.0,0.0,1.0,12.0,33.0,4.0,97.0,03-07-2028,87.0,3.0,4.0,2.0,28.0,,0.0,0.0,0.0,7.0,24.0,1.0,5.0,0.0,3406.0,138.0,45989.0,3.0,Single,3.22,3094.0,0.0,,Graduation,3.0,3.0
0.0,0.0,1.0,56.0,21.0,1.0,27.0,01-12-2029,134.0,4.0,3.0,,258.0,1.0,0.0,,0.0,8.0,14.0,,3.0,,762.0,340.0,75774.0,8.0,Together,40.32,3111.0,0.0,11.0,2n Cycle,3.0,7.0
0.0,0.0,0.0,163.0,67.0,3.0,48.0,07-07-2029,500.0,2.0,3.0,5.0,199.0,,0.0,0.0,0.0,6.0,0.0,0.0,3.0,0.0,4369.0,240.0,65487.0,6.0,,,3087.0,0.0,11.0,Master,3.0,3.0
0.0,0.0,2.0,17.0,,4.0,87.0,02-05-2028,68.0,,2.0,1.0,7.0,,0.0,0.0,0.0,4.0,5.0,0.0,3.0,0.0,3332.0,64.0,29760.0,7.0,Single,98.59,3115.0,0.0,11.0,Graduation,3.0,3.0
0.0,0.0,2.0,19.0,,1.0,,24-03-2029,,,,1.0,23.0,0.0,0.0,0.0,0.0,2.0,4.0,,3.0,0.0,10826.0,6.0,18690.0,5.0,Married,16.9,3089.0,0.0,11.0,Graduation,3.0,1.0
0.0,0.0,0.0,139.0,46.0,1.0,38.0,13-05-2028,247.0,3.0,1.0,5.0,151.0,0.0,0.0,0.0,0.0,,46.0,2.0,,,10151.0,317.0,62204.0,3.0,Divorced,99.72,3090.0,0.0,11.0,,3.0,
0.0,0.0,2.0,11.0,67.0,1.0,56.0,19-06-2030,165.0,3.0,7.0,2.0,,0.0,0.0,0.0,0.0,8.0,43.0,0.0,5.0,0.0,10634.0,90.0,59412.0,9.0,Married,61.8,3081.0,0.0,11.0,Master,,4.0
0.0,0.0,1.0,40.0,102.0,1.0,20.0,28-04-2029,673.0,6.0,2.0,4.0,52.0,0.0,0.0,0.0,0.0,10.0,,0.0,3.0,1.0,3690.0,1184.0,80141.0,3.0,Married,62.56,3116.0,1.0,11.0,Master,3.0,7.0
0.0,,2.0,,10.0,2.0,34.0,23-08-2029,11.0,6.0,2.0,0.0,19.0,1.0,0.0,0.0,0.0,3.0,3.0,0.0,,0.0,1987.0,1.0,,,Single,99.48,3117.0,0.0,11.0,Basic,3.0,2.0
0.0,0.0,0.0,27.0,10.0,4.0,1.0,15-03-2029,38.0,8.0,2.0,2.0,0.0,0.0,0.0,0.0,0.0,4.0,13.0,1.0,2.0,0.0,8805.0,283.0,48904.0,10.0,Single,10.26,3090.0,0.0,,Graduation,3.0,7.0
0.0,0.0,,8.0,2.0,2.0,51.0,05-04-2029,9.0,8.0,6.0,0.0,3.0,1.0,0.0,0.0,,3.0,0.0,0.0,2.0,0.0,9592.0,11.0,22010.0,10.0,Together,87.27,3113.0,0.0,11.0,,3.0,2.0
0.0,0.0,2.0,,8.0,1.0,65.0,21-08-2030,,2.0,2.0,3.0,11.0,0.0,,0.0,0.0,6.0,8.0,0.0,4.0,1.0,3643.0,750.0,63206.0,4.0,Married,85.28,3104.0,0.0,11.0,Master,,4.0
0.0,0.0,3.0,38.0,50.0,9.0,39.0,16-01-2029,317.0,8.0,1.0,2.0,50.0,1.0,0.0,,0.0,12.0,38.0,1.0,4.0,0.0,6566.0,,72550.0,8.0,Married,,3084.0,0.0,11.0,PhD,3.0,
0.0,0.0,0.0,3.0,0.0,2.0,30.0,06-11-2030,40.0,8.0,1.0,0.0,3.0,1.0,0.0,0.0,0.0,3.0,0.0,0.0,,0.0,10699.0,46.0,44322.0,2.0,Married,26.97,3115.0,0.0,,Graduation,3.0,3.0
0.0,0.0,0.0,18.0,4.0,1.0,54.0,18-10-2029,44.0,5.0,1.0,1.0,6.0,,0.0,0.0,0.0,4.0,1.0,0.0,3.0,0.0,839.0,97.0,45503.0,10.0,Married,88.45,3105.0,0.0,11.0,PhD,3.0,3.0
0.0,0.0,2.0,6.0,1.0,1.0,46.0,15-09-2028,2.0,6.0,0.0,0.0,2.0,1.0,0.0,0.0,0.0,3.0,1.0,1.0,3.0,0.0,2217.0,11.0,37284.0,3.0,Married,1.54,3105.0,0.0,11.0,2n Cycle,3.0,0.0
0.0,0.0,,8.0,16.0,1.0,65.0,16-11-2030,29.0,3.0,7.0,1.0,12.0,0.0,0.0,,0.0,4.0,20.0,0.0,2.0,,4050.0,42.0,49605.0,,Married,102.34,3096.0,0.0,11.0,Master,3.0,2.0
1.0,0.0,2.0,227.0,10.0,2.0,,25-12-2028,44.0,7.0,0.0,3.0,30.0,0.0,0.0,0.0,0.0,3.0,10.0,1.0,2.0,0.0,4377.0,254.0,52914.0,4.0,Married,73.75,3101.0,0.0,11.0,Graduation,3.0,7.0
0.0,,3.0,6.0,1.0,4.0,81.0,26-07-2029,16.0,5.0,2.0,1.0,3.0,1.0,0.0,0.0,0.0,4.0,2.0,,4.0,0.0,2740.0,62.0,33438.0,5.0,Widow,37.37,3088.0,0.0,11.0,PhD,3.0,2.0
,0.0,1.0,15.0,3.0,,86.0,06-09-2029,,6.0,4.0,0.0,0.0,1.0,0.0,0.0,0.0,4.0,,0.0,4.0,0.0,2005.0,22.0,35765.0,3.0,Married,89.13,3120.0,0.0,11.0,Graduation,3.0,2.0
0.0,0.0,0.0,10.0,96.0,1.0,3.0,,333.0,3.0,2.0,7.0,168.0,0.0,0.0,0.0,0.0,12.0,53.0,1.0,3.0,0.0,4002.0,,77037.0,7.0,,13.89,,0.0,11.0,PhD,3.0,7.0
0.0,0.0,1.0,69.0,69.0,5.0,53.0,05-08-2028,279.0,7.0,,4.0,54.0,0.0,0.0,0.0,0.0,9.0,41.0,1.0,5.0,0.0,1907.0,965.0,63120.0,7.0,Divorced,55.85,3080.0,1.0,11.0,Master,3.0,8.0
0.0,0.0,,11.0,4.0,2.0,23.0,09-07-2028,5.0,7.0,2.0,0.0,15.0,0.0,0.0,0.0,0.0,3.0,2.0,1.0,3.0,0.0,,8.0,30801.0,,Married,21.05,3105.0,0.0,11.0,Basic,3.0,1.0
0.0,0.0,1.0,173.0,34.0,1.0,58.0,,204.0,,5.0,9.0,172.0,0.0,0.0,0.0,0.0,4.0,153.0,0.0,2.0,0.0,1411.0,204.0,82623.0,8.0,Divorced,25.27,3082.0,0.0,11.0,Graduation,3.0,
0.0,0.0,1.0,117.0,0.0,2.0,34.0,13-08-2029,107.0,5.0,1.0,1.0,,0.0,0.0,0.0,0.0,8.0,9.0,1.0,3.0,0.0,2493.0,356.0,61286.0,3.0,Married,76.01,3096.0,0.0,,Graduation,3.0,7.0
0.0,0.0,1.0,38.0,6.0,1.0,,04-05-2029,43.0,8.0,1.0,,19.0,2.0,0.0,0.0,0.0,2.0,5.0,0.0,2.0,,5048.0,20.0,42767.0,10.0,Single,119.16,3101.0,0.0,11.0,PhD,3.0,3.0
0.0,0.0,2.0,37.0,5.0,1.0,0.0,27-09-2030,64.0,5.0,4.0,3.0,7.0,0.0,1.0,0.0,0.0,7.0,,0.0,2.0,0.0,1.0,464.0,57091.0,5.0,Single,52.91,3091.0,,,Graduation,3.0,7.0
0.0,0.0,2.0,130.0,106.0,1.0,10.0,09-11-2029,189.0,,3.0,2.0,23.0,0.0,0.0,0.0,0.0,9.0,41.0,0.0,3.0,0.0,9597.0,236.0,73448.0,3.0,Married,59.13,3099.0,,11.0,Graduation,3.0,7.0
0.0,0.0,1.0,3.0,1.0,1.0,1.0,06-06-2029,6.0,,,0.0,0.0,0.0,0.0,0.0,0.0,,3.0,0.0,6.0,,10141.0,7.0,39228.0,7.0,Divorced,51.63,3090.0,0.0,11.0,Master,3.0,0.0
0.0,0.0,2.0,145.0,60.0,1.0,70.0,24-01-2030,568.0,2.0,0.0,,110.0,0.0,0.0,0.0,0.0,7.0,133.0,0.0,2.0,1.0,1020.0,,79593.0,9.0,Married,40.26,3103.0,0.0,11.0,,3.0,5.0
0.0,0.0,3.0,18.0,3.0,2.0,47.0,16-07-2030,18.0,,,1.0,3.0,2.0,0.0,0.0,0.0,2.0,4.0,0.0,3.0,0.0,7007.0,17.0,29543.0,10.0,Married,99.52,3098.0,0.0,11.0,Master,3.0,
0.0,0.0,4.0,,0.0,1.0,,05-03-2030,7.0,6.0,,0.0,0.0,0.0,0.0,0.0,0.0,3.0,,1.0,3.0,0.0,7212.0,54.0,44794.0,4.0,Married,69.93,3096.0,0.0,11.0,Graduation,3.0,2.0
0.0,0.0,2.0,224.0,144.0,1.0,36.0,08-01-2030,,1.0,2.0,6.0,104.0,0.0,0.0,0.0,0.0,4.0,,,2.0,,1150.0,755.0,83532.0,10.0,,,3029.0,0.0,,PhD,3.0,4.0
,0.0,1.0,,10.0,3.0,84.0,18-02-2030,19.0,5.0,2.0,1.0,8.0,1.0,0.0,0.0,0.0,3.0,17.0,1.0,2.0,0.0,3152.0,15.0,26091.0,2.0,Together,,3087.0,0.0,11.0,Graduation,,2.0
0.0,0.0,2.0,11.0,,5.0,63.0,10-10-2028,217.0,6.0,0.0,6.0,29.0,0.0,,0.0,0.0,12.0,80.0,1.0,4.0,0.0,10897.0,757.0,67445.0,,Married,,3104.0,0.0,11.0,Graduation,3.0,9.0
0.0,0.0,2.0,48.0,103.0,1.0,6.0,22-07-2028,69.0,,2.0,2.0,8.0,0.0,0.0,0.0,0.0,7.0,44.0,1.0,4.0,,944.0,121.0,56181.0,5.0,Married,116.75,3092.0,0.0,,Graduation,3.0,4.0
,,2.0,12.0,12.0,1.0,9.0,18-01-2029,240.0,2.0,2.0,4.0,,0.0,0.0,0.0,0.0,10.0,12.0,0.0,3.0,,10095.0,,74165.0,4.0,Divorced,95.78,3105.0,0.0,11.0,PhD,,5.0
0.0,0.0,3.0,79.0,31.0,0.0,28.0,19-11-2029,558.0,2.0,1.0,5.0,62.0,0.0,0.0,0.0,0.0,13.0,95.0,0.0,3.0,1.0,4686.0,861.0,82571.0,,Widow,119.78,3092.0,0.0,11.0,PhD,3.0,6.0
0.0,0.0,0.0,20.0,2.0,,73.0,08-08-2029,49.0,2.0,4.0,1.0,17.0,,0.0,0.0,0.0,7.0,13.0,1.0,3.0,0.0,6870.0,182.0,68805.0,4.0,Divorced,34.81,3089.0,0.0,11.0,PhD,3.0,3.0
0.0,0.0,2.0,7.0,0.0,1.0,,,14.0,5.0,3.0,0.0,2.0,,,0.0,0.0,3.0,3.0,,2.0,0.0,6866.0,8.0,35924.0,2.0,Together,71.6,3099.0,0.0,11.0,Master,3.0,1.0
0.0,0.0,2.0,8.0,0.0,2.0,39.0,27-11-2029,,5.0,2.0,0.0,0.0,1.0,0.0,0.0,0.0,4.0,0.0,1.0,3.0,0.0,10242.0,56.0,47472.0,9.0,Together,,3096.0,0.0,11.0,PhD,3.0,2.0
0.0,0.0,1.0,4.0,4.0,2.0,0.0,28-09-2029,61.0,4.0,1.0,1.0,,1.0,0.0,0.0,0.0,6.0,13.0,0.0,3.0,,5642.0,140.0,62499.0,5.0,Together,62.52,3109.0,0.0,11.0,,3.0,3.0
0.0,0.0,1.0,149.0,47.0,1.0,92.0,01-10-2029,197.0,4.0,2.0,4.0,55.0,0.0,0.0,0.0,0.0,8.0,42.0,0.0,4.0,0.0,5631.0,202.0,49767.0,2.0,Single,47.32,3121.0,0.0,11.0,Graduation,3.0,5.0
0.0,,0.0,10.0,2.0,2.0,45.0,24-02-2030,,7.0,0.0,0.0,0.0,1.0,0.0,0.0,,3.0,1.0,1.0,1.0,0.0,6201.0,22.0,38643.0,6.0,Single,,3108.0,0.0,11.0,Graduation,3.0,2.0
